2021/08/28-08:06:56.679519 7f0d88f47700 RocksDB version: 6.17.3
2021/08/28-08:06:56.679576 7f0d88f47700 Git sha rocksdb_build_git_sha:@09c7e96eac1ab983f97ce9e0406730b8014b3398@
2021/08/28-08:06:56.679583 7f0d88f47700 Compile date Jul 25 2021
2021/08/28-08:06:56.679694 7f0d88f47700 DB SUMMARY
2021/08/28-08:06:56.679699 7f0d88f47700 DB Session ID:  JWFDRDGM3SRCV9O801AG
2021/08/28-08:06:56.679754 7f0d88f47700 SST files in ./storage/collections/test_collection/segments/d6abe781-7d25-44b5-94a1-fbb586022a57/vector_storage dir, Total Num: 0, files: 
2021/08/28-08:06:56.679761 7f0d88f47700 Write Ahead Log file in ./storage/collections/test_collection/segments/d6abe781-7d25-44b5-94a1-fbb586022a57/vector_storage: 
2021/08/28-08:06:56.679765 7f0d88f47700                         Options.error_if_exists: 0
2021/08/28-08:06:56.679787 7f0d88f47700                       Options.create_if_missing: 1
2021/08/28-08:06:56.679791 7f0d88f47700                         Options.paranoid_checks: 1
2021/08/28-08:06:56.679795 7f0d88f47700                               Options.track_and_verify_wals_in_manifest: 0
2021/08/28-08:06:56.679798 7f0d88f47700                                     Options.env: 0x55ee7d410d00
2021/08/28-08:06:56.679802 7f0d88f47700                                      Options.fs: Posix File System
2021/08/28-08:06:56.679805 7f0d88f47700                                Options.info_log: 0x7f0d542beee0
2021/08/28-08:06:56.679809 7f0d88f47700                Options.max_file_opening_threads: 16
2021/08/28-08:06:56.679812 7f0d88f47700                              Options.statistics: (nil)
2021/08/28-08:06:56.679816 7f0d88f47700                               Options.use_fsync: 0
2021/08/28-08:06:56.679819 7f0d88f47700                       Options.max_log_file_size: 0
2021/08/28-08:06:56.679823 7f0d88f47700                  Options.max_manifest_file_size: 1073741824
2021/08/28-08:06:56.679826 7f0d88f47700                   Options.log_file_time_to_roll: 0
2021/08/28-08:06:56.679830 7f0d88f47700                       Options.keep_log_file_num: 1000
2021/08/28-08:06:56.679833 7f0d88f47700                    Options.recycle_log_file_num: 0
2021/08/28-08:06:56.679837 7f0d88f47700                         Options.allow_fallocate: 1
2021/08/28-08:06:56.679840 7f0d88f47700                        Options.allow_mmap_reads: 0
2021/08/28-08:06:56.679843 7f0d88f47700                       Options.allow_mmap_writes: 0
2021/08/28-08:06:56.679846 7f0d88f47700                        Options.use_direct_reads: 0
2021/08/28-08:06:56.679849 7f0d88f47700                        Options.use_direct_io_for_flush_and_compaction: 0
2021/08/28-08:06:56.679852 7f0d88f47700          Options.create_missing_column_families: 0
2021/08/28-08:06:56.679855 7f0d88f47700                              Options.db_log_dir: 
2021/08/28-08:06:56.679859 7f0d88f47700                                 Options.wal_dir: ./storage/collections/test_collection/segments/d6abe781-7d25-44b5-94a1-fbb586022a57/vector_storage
2021/08/28-08:06:56.679862 7f0d88f47700                Options.table_cache_numshardbits: 6
2021/08/28-08:06:56.679865 7f0d88f47700                         Options.WAL_ttl_seconds: 0
2021/08/28-08:06:56.679869 7f0d88f47700                       Options.WAL_size_limit_MB: 0
2021/08/28-08:06:56.679872 7f0d88f47700                        Options.max_write_batch_group_size_bytes: 1048576
2021/08/28-08:06:56.679875 7f0d88f47700             Options.manifest_preallocation_size: 4194304
2021/08/28-08:06:56.679879 7f0d88f47700                     Options.is_fd_close_on_exec: 1
2021/08/28-08:06:56.679882 7f0d88f47700                   Options.advise_random_on_open: 1
2021/08/28-08:06:56.679885 7f0d88f47700                    Options.db_write_buffer_size: 0
2021/08/28-08:06:56.679888 7f0d88f47700                    Options.write_buffer_manager: 0x7f0d542bedb0
2021/08/28-08:06:56.679892 7f0d88f47700         Options.access_hint_on_compaction_start: 1
2021/08/28-08:06:56.679895 7f0d88f47700  Options.new_table_reader_for_compaction_inputs: 0
2021/08/28-08:06:56.679898 7f0d88f47700           Options.random_access_max_buffer_size: 1048576
2021/08/28-08:06:56.679902 7f0d88f47700                      Options.use_adaptive_mutex: 0
2021/08/28-08:06:56.679938 7f0d88f47700                            Options.rate_limiter: (nil)
2021/08/28-08:06:56.679943 7f0d88f47700     Options.sst_file_manager.rate_bytes_per_sec: 0
2021/08/28-08:06:56.679946 7f0d88f47700                       Options.wal_recovery_mode: 2
2021/08/28-08:06:56.679950 7f0d88f47700                  Options.enable_thread_tracking: 0
2021/08/28-08:06:56.679953 7f0d88f47700                  Options.enable_pipelined_write: 0
2021/08/28-08:06:56.679956 7f0d88f47700                  Options.unordered_write: 0
2021/08/28-08:06:56.679959 7f0d88f47700         Options.allow_concurrent_memtable_write: 1
2021/08/28-08:06:56.679962 7f0d88f47700      Options.enable_write_thread_adaptive_yield: 1
2021/08/28-08:06:56.679966 7f0d88f47700             Options.write_thread_max_yield_usec: 100
2021/08/28-08:06:56.679969 7f0d88f47700            Options.write_thread_slow_yield_usec: 3
2021/08/28-08:06:56.679972 7f0d88f47700                               Options.row_cache: None
2021/08/28-08:06:56.679975 7f0d88f47700                              Options.wal_filter: None
2021/08/28-08:06:56.679979 7f0d88f47700             Options.avoid_flush_during_recovery: 0
2021/08/28-08:06:56.679982 7f0d88f47700             Options.allow_ingest_behind: 0
2021/08/28-08:06:56.679985 7f0d88f47700             Options.preserve_deletes: 0
2021/08/28-08:06:56.679988 7f0d88f47700             Options.two_write_queues: 0
2021/08/28-08:06:56.679991 7f0d88f47700             Options.manual_wal_flush: 0
2021/08/28-08:06:56.679995 7f0d88f47700             Options.atomic_flush: 0
2021/08/28-08:06:56.679998 7f0d88f47700             Options.avoid_unnecessary_blocking_io: 0
2021/08/28-08:06:56.680001 7f0d88f47700                 Options.persist_stats_to_disk: 0
2021/08/28-08:06:56.680004 7f0d88f47700                 Options.write_dbid_to_manifest: 0
2021/08/28-08:06:56.680007 7f0d88f47700                 Options.log_readahead_size: 0
2021/08/28-08:06:56.680010 7f0d88f47700                 Options.file_checksum_gen_factory: Unknown
2021/08/28-08:06:56.680014 7f0d88f47700                 Options.best_efforts_recovery: 0
2021/08/28-08:06:56.680017 7f0d88f47700                Options.max_bgerror_resume_count: 2147483647
2021/08/28-08:06:56.680020 7f0d88f47700            Options.bgerror_resume_retry_interval: 1000000
2021/08/28-08:06:56.680023 7f0d88f47700             Options.allow_data_in_errors: 0
2021/08/28-08:06:56.680027 7f0d88f47700             Options.db_host_id: __hostname__
2021/08/28-08:06:56.680030 7f0d88f47700             Options.max_background_jobs: 2
2021/08/28-08:06:56.680033 7f0d88f47700             Options.max_background_compactions: -1
2021/08/28-08:06:56.680037 7f0d88f47700             Options.max_subcompactions: 1
2021/08/28-08:06:56.680040 7f0d88f47700             Options.avoid_flush_during_shutdown: 0
2021/08/28-08:06:56.680043 7f0d88f47700           Options.writable_file_max_buffer_size: 1048576
2021/08/28-08:06:56.680046 7f0d88f47700             Options.delayed_write_rate : 16777216
2021/08/28-08:06:56.680049 7f0d88f47700             Options.max_total_wal_size: 0
2021/08/28-08:06:56.680053 7f0d88f47700             Options.delete_obsolete_files_period_micros: 21600000000
2021/08/28-08:06:56.680056 7f0d88f47700                   Options.stats_dump_period_sec: 600
2021/08/28-08:06:56.680059 7f0d88f47700                 Options.stats_persist_period_sec: 600
2021/08/28-08:06:56.680063 7f0d88f47700                 Options.stats_history_buffer_size: 1048576
2021/08/28-08:06:56.680066 7f0d88f47700                          Options.max_open_files: -1
2021/08/28-08:06:56.680069 7f0d88f47700                          Options.bytes_per_sync: 0
2021/08/28-08:06:56.680072 7f0d88f47700                      Options.wal_bytes_per_sync: 0
2021/08/28-08:06:56.680075 7f0d88f47700                   Options.strict_bytes_per_sync: 0
2021/08/28-08:06:56.680078 7f0d88f47700       Options.compaction_readahead_size: 0
2021/08/28-08:06:56.680081 7f0d88f47700                  Options.max_background_flushes: -1
2021/08/28-08:06:56.680102 7f0d88f47700 Compression algorithms supported:
2021/08/28-08:06:56.680106 7f0d88f47700 	kZSTDNotFinalCompression supported: 0
2021/08/28-08:06:56.680111 7f0d88f47700 	kZSTD supported: 0
2021/08/28-08:06:56.680114 7f0d88f47700 	kXpressCompression supported: 0
2021/08/28-08:06:56.680118 7f0d88f47700 	kLZ4HCCompression supported: 0
2021/08/28-08:06:56.680121 7f0d88f47700 	kLZ4Compression supported: 0
2021/08/28-08:06:56.680124 7f0d88f47700 	kBZip2Compression supported: 0
2021/08/28-08:06:56.680128 7f0d88f47700 	kZlibCompression supported: 0
2021/08/28-08:06:56.680131 7f0d88f47700 	kSnappyCompression supported: 1
2021/08/28-08:06:56.680137 7f0d88f47700 Fast CRC32 supported: Supported on x86
2021/08/28-08:06:56.685169 7f0d88f47700 [db/db_impl/db_impl_open.cc:283] Creating manifest 1 
2021/08/28-08:06:56.698854 7f0d88f47700 [db/version_set.cc:4757] Recovering from manifest file: ./storage/collections/test_collection/segments/d6abe781-7d25-44b5-94a1-fbb586022a57/vector_storage/MANIFEST-000001
2021/08/28-08:06:56.699314 7f0d88f47700 [db/column_family.cc:597] --------------- Options for column family [default]:
2021/08/28-08:06:56.699336 7f0d88f47700               Options.comparator: leveldb.BytewiseComparator
2021/08/28-08:06:56.699340 7f0d88f47700           Options.merge_operator: None
2021/08/28-08:06:56.699344 7f0d88f47700        Options.compaction_filter: None
2021/08/28-08:06:56.699357 7f0d88f47700        Options.compaction_filter_factory: None
2021/08/28-08:06:56.699360 7f0d88f47700  Options.sst_partitioner_factory: None
2021/08/28-08:06:56.699363 7f0d88f47700         Options.memtable_factory: SkipListFactory
2021/08/28-08:06:56.699367 7f0d88f47700            Options.table_factory: BlockBasedTable
2021/08/28-08:06:56.699491 7f0d88f47700            table_factory options:   flush_block_policy_factory: FlushBlockBySizePolicyFactory (0x7f0d542d87b0)
  cache_index_and_filter_blocks: 0
  cache_index_and_filter_blocks_with_high_priority: 1
  pin_l0_filter_and_index_blocks_in_cache: 0
  pin_top_level_index_and_filter: 1
  index_type: 0
  data_block_index_type: 0
  index_shortening: 1
  data_block_hash_table_util_ratio: 0.750000
  hash_index_allow_collision: 1
  checksum: 1
  no_block_cache: 0
  block_cache: 0x7f0d542c48f0
  block_cache_name: LRUCache
  block_cache_options:
    capacity : 8388608
    num_shard_bits : 4
    strict_capacity_limit : 0
    memory_allocator : None
    high_pri_pool_ratio: 0.000
  block_cache_compressed: (nil)
  persistent_cache: (nil)
  block_size: 4096
  block_size_deviation: 10
  block_restart_interval: 16
  index_block_restart_interval: 1
  metadata_block_size: 4096
  partition_filters: 0
  use_delta_encoding: 1
  filter_policy: nullptr
  whole_key_filtering: 1
  verify_compression: 0
  read_amp_bytes_per_bit: 0
  format_version: 4
  enable_index_compression: 1
  block_align: 0
2021/08/28-08:06:56.699518 7f0d88f47700        Options.write_buffer_size: 10485760
2021/08/28-08:06:56.699522 7f0d88f47700  Options.max_write_buffer_number: 2
2021/08/28-08:06:56.699525 7f0d88f47700          Options.compression: Snappy
2021/08/28-08:06:56.699529 7f0d88f47700                  Options.bottommost_compression: Disabled
2021/08/28-08:06:56.699532 7f0d88f47700       Options.prefix_extractor: nullptr
2021/08/28-08:06:56.699535 7f0d88f47700   Options.memtable_insert_with_hint_prefix_extractor: nullptr
2021/08/28-08:06:56.699539 7f0d88f47700             Options.num_levels: 7
2021/08/28-08:06:56.699550 7f0d88f47700        Options.min_write_buffer_number_to_merge: 1
2021/08/28-08:06:56.699554 7f0d88f47700     Options.max_write_buffer_number_to_maintain: 0
2021/08/28-08:06:56.699557 7f0d88f47700     Options.max_write_buffer_size_to_maintain: 0
2021/08/28-08:06:56.699560 7f0d88f47700            Options.bottommost_compression_opts.window_bits: -14
2021/08/28-08:06:56.699564 7f0d88f47700                  Options.bottommost_compression_opts.level: 32767
2021/08/28-08:06:56.699567 7f0d88f47700               Options.bottommost_compression_opts.strategy: 0
2021/08/28-08:06:56.699579 7f0d88f47700         Options.bottommost_compression_opts.max_dict_bytes: 0
2021/08/28-08:06:56.699640 7f0d88f47700         Options.bottommost_compression_opts.zstd_max_train_bytes: 0
2021/08/28-08:06:56.699644 7f0d88f47700         Options.bottommost_compression_opts.parallel_threads: 1
2021/08/28-08:06:56.699657 7f0d88f47700                  Options.bottommost_compression_opts.enabled: false
2021/08/28-08:06:56.699660 7f0d88f47700            Options.compression_opts.window_bits: -14
2021/08/28-08:06:56.699664 7f0d88f47700                  Options.compression_opts.level: 32767
2021/08/28-08:06:56.699667 7f0d88f47700               Options.compression_opts.strategy: 0
2021/08/28-08:06:56.699670 7f0d88f47700         Options.compression_opts.max_dict_bytes: 0
2021/08/28-08:06:56.699673 7f0d88f47700         Options.compression_opts.zstd_max_train_bytes: 0
2021/08/28-08:06:56.699686 7f0d88f47700         Options.compression_opts.parallel_threads: 1
2021/08/28-08:06:56.699689 7f0d88f47700                  Options.compression_opts.enabled: false
2021/08/28-08:06:56.699701 7f0d88f47700      Options.level0_file_num_compaction_trigger: 4
2021/08/28-08:06:56.699704 7f0d88f47700          Options.level0_slowdown_writes_trigger: 20
2021/08/28-08:06:56.699707 7f0d88f47700              Options.level0_stop_writes_trigger: 36
2021/08/28-08:06:56.699711 7f0d88f47700                   Options.target_file_size_base: 67108864
2021/08/28-08:06:56.699714 7f0d88f47700             Options.target_file_size_multiplier: 1
2021/08/28-08:06:56.699717 7f0d88f47700                Options.max_bytes_for_level_base: 268435456
2021/08/28-08:06:56.699729 7f0d88f47700 Options.level_compaction_dynamic_level_bytes: 0
2021/08/28-08:06:56.699733 7f0d88f47700          Options.max_bytes_for_level_multiplier: 10.000000
2021/08/28-08:06:56.699748 7f0d88f47700 Options.max_bytes_for_level_multiplier_addtl[0]: 1
2021/08/28-08:06:56.699752 7f0d88f47700 Options.max_bytes_for_level_multiplier_addtl[1]: 1
2021/08/28-08:06:56.699755 7f0d88f47700 Options.max_bytes_for_level_multiplier_addtl[2]: 1
2021/08/28-08:06:56.699758 7f0d88f47700 Options.max_bytes_for_level_multiplier_addtl[3]: 1
2021/08/28-08:06:56.699761 7f0d88f47700 Options.max_bytes_for_level_multiplier_addtl[4]: 1
2021/08/28-08:06:56.699765 7f0d88f47700 Options.max_bytes_for_level_multiplier_addtl[5]: 1
2021/08/28-08:06:56.699768 7f0d88f47700 Options.max_bytes_for_level_multiplier_addtl[6]: 1
2021/08/28-08:06:56.699780 7f0d88f47700       Options.max_sequential_skip_in_iterations: 8
2021/08/28-08:06:56.699783 7f0d88f47700                    Options.max_compaction_bytes: 1677721600
2021/08/28-08:06:56.699786 7f0d88f47700                        Options.arena_block_size: 1310720
2021/08/28-08:06:56.699799 7f0d88f47700   Options.soft_pending_compaction_bytes_limit: 68719476736
2021/08/28-08:06:56.699802 7f0d88f47700   Options.hard_pending_compaction_bytes_limit: 274877906944
2021/08/28-08:06:56.699805 7f0d88f47700       Options.rate_limit_delay_max_milliseconds: 100
2021/08/28-08:06:56.699809 7f0d88f47700                Options.disable_auto_compactions: 0
2021/08/28-08:06:56.699814 7f0d88f47700                        Options.compaction_style: kCompactionStyleLevel
2021/08/28-08:06:56.699827 7f0d88f47700                          Options.compaction_pri: kMinOverlappingRatio
2021/08/28-08:06:56.699831 7f0d88f47700 Options.compaction_options_universal.size_ratio: 1
2021/08/28-08:06:56.699834 7f0d88f47700 Options.compaction_options_universal.min_merge_width: 2
2021/08/28-08:06:56.699837 7f0d88f47700 Options.compaction_options_universal.max_merge_width: 4294967295
2021/08/28-08:06:56.699840 7f0d88f47700 Options.compaction_options_universal.max_size_amplification_percent: 200
2021/08/28-08:06:56.699843 7f0d88f47700 Options.compaction_options_universal.compression_size_percent: -1
2021/08/28-08:06:56.699857 7f0d88f47700 Options.compaction_options_universal.stop_style: kCompactionStopStyleTotalSize
2021/08/28-08:06:56.699861 7f0d88f47700 Options.compaction_options_fifo.max_table_files_size: 1073741824
2021/08/28-08:06:56.699873 7f0d88f47700 Options.compaction_options_fifo.allow_compaction: 0
2021/08/28-08:06:56.699912 7f0d88f47700                   Options.table_properties_collectors: 
2021/08/28-08:06:56.699934 7f0d88f47700                   Options.inplace_update_support: 0
2021/08/28-08:06:56.699937 7f0d88f47700                 Options.inplace_update_num_locks: 10000
2021/08/28-08:06:56.699940 7f0d88f47700               Options.memtable_prefix_bloom_size_ratio: 0.000000
2021/08/28-08:06:56.699945 7f0d88f47700               Options.memtable_whole_key_filtering: 0
2021/08/28-08:06:56.699948 7f0d88f47700   Options.memtable_huge_page_size: 0
2021/08/28-08:06:56.699952 7f0d88f47700                           Options.bloom_locality: 0
2021/08/28-08:06:56.699955 7f0d88f47700                    Options.max_successive_merges: 0
2021/08/28-08:06:56.699958 7f0d88f47700                Options.optimize_filters_for_hits: 0
2021/08/28-08:06:56.699961 7f0d88f47700                Options.paranoid_file_checks: 0
2021/08/28-08:06:56.699964 7f0d88f47700                Options.force_consistency_checks: 1
2021/08/28-08:06:56.699968 7f0d88f47700                Options.report_bg_io_stats: 0
2021/08/28-08:06:56.699971 7f0d88f47700                               Options.ttl: 2592000
2021/08/28-08:06:56.699974 7f0d88f47700          Options.periodic_compaction_seconds: 0
2021/08/28-08:06:56.699977 7f0d88f47700                    Options.enable_blob_files: false
2021/08/28-08:06:56.699980 7f0d88f47700                        Options.min_blob_size: 0
2021/08/28-08:06:56.699984 7f0d88f47700                       Options.blob_file_size: 268435456
2021/08/28-08:06:56.699987 7f0d88f47700                Options.blob_compression_type: NoCompression
2021/08/28-08:06:56.699990 7f0d88f47700       Options.enable_blob_garbage_collection: false
2021/08/28-08:06:56.699994 7f0d88f47700   Options.blob_garbage_collection_age_cutoff: 0.250000
2021/08/28-08:06:56.701437 7f0d88f47700 [db/version_set.cc:4805] Recovered from manifest file:./storage/collections/test_collection/segments/d6abe781-7d25-44b5-94a1-fbb586022a57/vector_storage/MANIFEST-000001 succeeded,manifest_file_number is 1, next_file_number is 3, last_sequence is 0, log_number is 0,prev_log_number is 0,max_column_family is 0,min_log_number_to_keep is 0
2021/08/28-08:06:56.701455 7f0d88f47700 [db/version_set.cc:4814] Column family [default] (ID 0), log number is 0
2021/08/28-08:06:56.701646 7f0d88f47700 [db/version_set.cc:4111] Creating manifest 3
2021/08/28-08:06:56.727513 7f0d88f47700 [db/db_impl/db_impl_open.cc:1707] SstFileManager instance 0x7f0d54300710
2021/08/28-08:06:56.727607 7f0d88f47700 DB pointer 0x7f0d542ba030
2021/08/28-08:07:26.728181 7f0d1effd700 [db/db_impl/db_impl.cc:927] ------- DUMPING STATS -------
2021/08/28-08:07:26.728362 7f0d1effd700 [db/db_impl/db_impl.cc:928] 
** DB Stats **
Uptime(secs): 30.0 total, 30.0 interval
Cumulative writes: 0 writes, 0 keys, 0 commit groups, 0.0 writes per commit group, ingest: 0.00 GB, 0.00 MB/s
Cumulative WAL: 0 writes, 0 syncs, 0.00 writes per sync, written: 0.00 GB, 0.00 MB/s
Cumulative stall: 00:00:0.000 H:M:S, 0.0 percent
Interval writes: 0 writes, 0 keys, 0 commit groups, 0.0 writes per commit group, ingest: 0.00 MB, 0.00 MB/s
Interval WAL: 0 writes, 0 syncs, 0.00 writes per sync, written: 0.00 MB, 0.00 MB/s
Interval stall: 00:00:0.000 H:M:S, 0.0 percent

** Compaction Stats [default] **
Level    Files   Size     Score Read(GB)  Rn(GB) Rnp1(GB) Write(GB) Wnew(GB) Moved(GB) W-Amp Rd(MB/s) Wr(MB/s) Comp(sec) CompMergeCPU(sec) Comp(cnt) Avg(sec) KeyIn KeyDrop
----------------------------------------------------------------------------------------------------------------------------------------------------------------------------
 Sum      0/0    0.00 KB   0.0      0.0     0.0      0.0       0.0      0.0       0.0   0.0      0.0      0.0      0.00              0.00         0    0.000       0      0
 Int      0/0    0.00 KB   0.0      0.0     0.0      0.0       0.0      0.0       0.0   0.0      0.0      0.0      0.00              0.00         0    0.000       0      0

** Compaction Stats [default] **
Priority    Files   Size     Score Read(GB)  Rn(GB) Rnp1(GB) Write(GB) Wnew(GB) Moved(GB) W-Amp Rd(MB/s) Wr(MB/s) Comp(sec) CompMergeCPU(sec) Comp(cnt) Avg(sec) KeyIn KeyDrop
-------------------------------------------------------------------------------------------------------------------------------------------------------------------------------
Uptime(secs): 30.0 total, 30.0 interval
Flush(GB): cumulative 0.000, interval 0.000
AddFile(GB): cumulative 0.000, interval 0.000
AddFile(Total Files): cumulative 0, interval 0
AddFile(L0 Files): cumulative 0, interval 0
AddFile(Keys): cumulative 0, interval 0
Cumulative compaction: 0.00 GB write, 0.00 MB/s write, 0.00 GB read, 0.00 MB/s read, 0.0 seconds
Interval compaction: 0.00 GB write, 0.00 MB/s write, 0.00 GB read, 0.00 MB/s read, 0.0 seconds
Stalls(count): 0 level0_slowdown, 0 level0_slowdown_with_compaction, 0 level0_numfiles, 0 level0_numfiles_with_compaction, 0 stop for pending_compaction_bytes, 0 slowdown for pending_compaction_bytes, 0 memtable_compaction, 0 memtable_slowdown, interval 0 total count

** File Read Latency Histogram By Level [default] **

** Compaction Stats [default] **
Level    Files   Size     Score Read(GB)  Rn(GB) Rnp1(GB) Write(GB) Wnew(GB) Moved(GB) W-Amp Rd(MB/s) Wr(MB/s) Comp(sec) CompMergeCPU(sec) Comp(cnt) Avg(sec) KeyIn KeyDrop
----------------------------------------------------------------------------------------------------------------------------------------------------------------------------
 Sum      0/0    0.00 KB   0.0      0.0     0.0      0.0       0.0      0.0       0.0   0.0      0.0      0.0      0.00              0.00         0    0.000       0      0
 Int      0/0    0.00 KB   0.0      0.0     0.0      0.0       0.0      0.0       0.0   0.0      0.0      0.0      0.00              0.00         0    0.000       0      0

** Compaction Stats [default] **
Priority    Files   Size     Score Read(GB)  Rn(GB) Rnp1(GB) Write(GB) Wnew(GB) Moved(GB) W-Amp Rd(MB/s) Wr(MB/s) Comp(sec) CompMergeCPU(sec) Comp(cnt) Avg(sec) KeyIn KeyDrop
-------------------------------------------------------------------------------------------------------------------------------------------------------------------------------
Uptime(secs): 30.0 total, 0.0 interval
Flush(GB): cumulative 0.000, interval 0.000
AddFile(GB): cumulative 0.000, interval 0.000
AddFile(Total Files): cumulative 0, interval 0
AddFile(L0 Files): cumulative 0, interval 0
AddFile(Keys): cumulative 0, interval 0
Cumulative compaction: 0.00 GB write, 0.00 MB/s write, 0.00 GB read, 0.00 MB/s read, 0.0 seconds
Interval compaction: 0.00 GB write, 0.00 MB/s write, 0.00 GB read, 0.00 MB/s read, 0.0 seconds
Stalls(count): 0 level0_slowdown, 0 level0_slowdown_with_compaction, 0 level0_numfiles, 0 level0_numfiles_with_compaction, 0 stop for pending_compaction_bytes, 0 slowdown for pending_compaction_bytes, 0 memtable_compaction, 0 memtable_slowdown, interval 0 total count

** File Read Latency Histogram By Level [default] **
