2021/08/28-08:06:56.728516 7f0d88f47700 RocksDB version: 6.17.3
2021/08/28-08:06:56.728600 7f0d88f47700 Git sha rocksdb_build_git_sha:@09c7e96eac1ab983f97ce9e0406730b8014b3398@
2021/08/28-08:06:56.728607 7f0d88f47700 Compile date Jul 25 2021
2021/08/28-08:06:56.728782 7f0d88f47700 DB SUMMARY
2021/08/28-08:06:56.728788 7f0d88f47700 DB Session ID:  1DJMERP35XB5WSSK1T7G
2021/08/28-08:06:56.728864 7f0d88f47700 SST files in ./storage/collections/test_collection/segments/d6abe781-7d25-44b5-94a1-fbb586022a57/payload_storage dir, Total Num: 0, files: 
2021/08/28-08:06:56.728880 7f0d88f47700 Write Ahead Log file in ./storage/collections/test_collection/segments/d6abe781-7d25-44b5-94a1-fbb586022a57/payload_storage: 
2021/08/28-08:06:56.728884 7f0d88f47700                         Options.error_if_exists: 0
2021/08/28-08:06:56.728888 7f0d88f47700                       Options.create_if_missing: 1
2021/08/28-08:06:56.728891 7f0d88f47700                         Options.paranoid_checks: 1
2021/08/28-08:06:56.728895 7f0d88f47700                               Options.track_and_verify_wals_in_manifest: 0
2021/08/28-08:06:56.728907 7f0d88f47700                                     Options.env: 0x55ee7d410d00
2021/08/28-08:06:56.728911 7f0d88f47700                                      Options.fs: Posix File System
2021/08/28-08:06:56.728924 7f0d88f47700                                Options.info_log: 0x7f0d54316500
2021/08/28-08:06:56.728927 7f0d88f47700                Options.max_file_opening_threads: 16
2021/08/28-08:06:56.728931 7f0d88f47700                              Options.statistics: (nil)
2021/08/28-08:06:56.728934 7f0d88f47700                               Options.use_fsync: 0
2021/08/28-08:06:56.728938 7f0d88f47700                       Options.max_log_file_size: 0
2021/08/28-08:06:56.728941 7f0d88f47700                  Options.max_manifest_file_size: 1073741824
2021/08/28-08:06:56.728954 7f0d88f47700                   Options.log_file_time_to_roll: 0
2021/08/28-08:06:56.728967 7f0d88f47700                       Options.keep_log_file_num: 1000
2021/08/28-08:06:56.728970 7f0d88f47700                    Options.recycle_log_file_num: 0
2021/08/28-08:06:56.728973 7f0d88f47700                         Options.allow_fallocate: 1
2021/08/28-08:06:56.728976 7f0d88f47700                        Options.allow_mmap_reads: 0
2021/08/28-08:06:56.728979 7f0d88f47700                       Options.allow_mmap_writes: 0
2021/08/28-08:06:56.728983 7f0d88f47700                        Options.use_direct_reads: 0
2021/08/28-08:06:56.728986 7f0d88f47700                        Options.use_direct_io_for_flush_and_compaction: 0
2021/08/28-08:06:56.728989 7f0d88f47700          Options.create_missing_column_families: 1
2021/08/28-08:06:56.729001 7f0d88f47700                              Options.db_log_dir: 
2021/08/28-08:06:56.729004 7f0d88f47700                                 Options.wal_dir: ./storage/collections/test_collection/segments/d6abe781-7d25-44b5-94a1-fbb586022a57/payload_storage
2021/08/28-08:06:56.729008 7f0d88f47700                Options.table_cache_numshardbits: 6
2021/08/28-08:06:56.729020 7f0d88f47700                         Options.WAL_ttl_seconds: 0
2021/08/28-08:06:56.729023 7f0d88f47700                       Options.WAL_size_limit_MB: 0
2021/08/28-08:06:56.729026 7f0d88f47700                        Options.max_write_batch_group_size_bytes: 1048576
2021/08/28-08:06:56.729030 7f0d88f47700             Options.manifest_preallocation_size: 4194304
2021/08/28-08:06:56.729033 7f0d88f47700                     Options.is_fd_close_on_exec: 1
2021/08/28-08:06:56.729036 7f0d88f47700                   Options.advise_random_on_open: 1
2021/08/28-08:06:56.729039 7f0d88f47700                    Options.db_write_buffer_size: 0
2021/08/28-08:06:56.729052 7f0d88f47700                    Options.write_buffer_manager: 0x7f0d542d8480
2021/08/28-08:06:56.729055 7f0d88f47700         Options.access_hint_on_compaction_start: 1
2021/08/28-08:06:56.729058 7f0d88f47700  Options.new_table_reader_for_compaction_inputs: 0
2021/08/28-08:06:56.729062 7f0d88f47700           Options.random_access_max_buffer_size: 1048576
2021/08/28-08:06:56.729065 7f0d88f47700                      Options.use_adaptive_mutex: 0
2021/08/28-08:06:56.729125 7f0d88f47700                            Options.rate_limiter: (nil)
2021/08/28-08:06:56.729130 7f0d88f47700     Options.sst_file_manager.rate_bytes_per_sec: 0
2021/08/28-08:06:56.729133 7f0d88f47700                       Options.wal_recovery_mode: 2
2021/08/28-08:06:56.729146 7f0d88f47700                  Options.enable_thread_tracking: 0
2021/08/28-08:06:56.729149 7f0d88f47700                  Options.enable_pipelined_write: 0
2021/08/28-08:06:56.729152 7f0d88f47700                  Options.unordered_write: 0
2021/08/28-08:06:56.729155 7f0d88f47700         Options.allow_concurrent_memtable_write: 1
2021/08/28-08:06:56.729158 7f0d88f47700      Options.enable_write_thread_adaptive_yield: 1
2021/08/28-08:06:56.729162 7f0d88f47700             Options.write_thread_max_yield_usec: 100
2021/08/28-08:06:56.729165 7f0d88f47700            Options.write_thread_slow_yield_usec: 3
2021/08/28-08:06:56.729181 7f0d88f47700                               Options.row_cache: None
2021/08/28-08:06:56.729186 7f0d88f47700                              Options.wal_filter: None
2021/08/28-08:06:56.729192 7f0d88f47700             Options.avoid_flush_during_recovery: 0
2021/08/28-08:06:56.729206 7f0d88f47700             Options.allow_ingest_behind: 0
2021/08/28-08:06:56.729222 7f0d88f47700             Options.preserve_deletes: 0
2021/08/28-08:06:56.729228 7f0d88f47700             Options.two_write_queues: 0
2021/08/28-08:06:56.729233 7f0d88f47700             Options.manual_wal_flush: 0
2021/08/28-08:06:56.729238 7f0d88f47700             Options.atomic_flush: 0
2021/08/28-08:06:56.729251 7f0d88f47700             Options.avoid_unnecessary_blocking_io: 0
2021/08/28-08:06:56.729255 7f0d88f47700                 Options.persist_stats_to_disk: 0
2021/08/28-08:06:56.729258 7f0d88f47700                 Options.write_dbid_to_manifest: 0
2021/08/28-08:06:56.729272 7f0d88f47700                 Options.log_readahead_size: 0
2021/08/28-08:06:56.729275 7f0d88f47700                 Options.file_checksum_gen_factory: Unknown
2021/08/28-08:06:56.729279 7f0d88f47700                 Options.best_efforts_recovery: 0
2021/08/28-08:06:56.729282 7f0d88f47700                Options.max_bgerror_resume_count: 2147483647
2021/08/28-08:06:56.729285 7f0d88f47700            Options.bgerror_resume_retry_interval: 1000000
2021/08/28-08:06:56.729288 7f0d88f47700             Options.allow_data_in_errors: 0
2021/08/28-08:06:56.729300 7f0d88f47700             Options.db_host_id: __hostname__
2021/08/28-08:06:56.729304 7f0d88f47700             Options.max_background_jobs: 2
2021/08/28-08:06:56.729307 7f0d88f47700             Options.max_background_compactions: -1
2021/08/28-08:06:56.729310 7f0d88f47700             Options.max_subcompactions: 1
2021/08/28-08:06:56.729323 7f0d88f47700             Options.avoid_flush_during_shutdown: 0
2021/08/28-08:06:56.729326 7f0d88f47700           Options.writable_file_max_buffer_size: 1048576
2021/08/28-08:06:56.729330 7f0d88f47700             Options.delayed_write_rate : 16777216
2021/08/28-08:06:56.729333 7f0d88f47700             Options.max_total_wal_size: 0
2021/08/28-08:06:56.729336 7f0d88f47700             Options.delete_obsolete_files_period_micros: 21600000000
2021/08/28-08:06:56.729339 7f0d88f47700                   Options.stats_dump_period_sec: 600
2021/08/28-08:06:56.729352 7f0d88f47700                 Options.stats_persist_period_sec: 600
2021/08/28-08:06:56.729355 7f0d88f47700                 Options.stats_history_buffer_size: 1048576
2021/08/28-08:06:56.729358 7f0d88f47700                          Options.max_open_files: -1
2021/08/28-08:06:56.729362 7f0d88f47700                          Options.bytes_per_sync: 0
2021/08/28-08:06:56.729365 7f0d88f47700                      Options.wal_bytes_per_sync: 0
2021/08/28-08:06:56.729368 7f0d88f47700                   Options.strict_bytes_per_sync: 0
2021/08/28-08:06:56.729379 7f0d88f47700       Options.compaction_readahead_size: 0
2021/08/28-08:06:56.729383 7f0d88f47700                  Options.max_background_flushes: -1
2021/08/28-08:06:56.729426 7f0d88f47700 Compression algorithms supported:
2021/08/28-08:06:56.729431 7f0d88f47700 	kZSTDNotFinalCompression supported: 0
2021/08/28-08:06:56.729435 7f0d88f47700 	kZSTD supported: 0
2021/08/28-08:06:56.729439 7f0d88f47700 	kXpressCompression supported: 0
2021/08/28-08:06:56.729442 7f0d88f47700 	kLZ4HCCompression supported: 0
2021/08/28-08:06:56.729455 7f0d88f47700 	kLZ4Compression supported: 0
2021/08/28-08:06:56.729458 7f0d88f47700 	kBZip2Compression supported: 0
2021/08/28-08:06:56.729470 7f0d88f47700 	kZlibCompression supported: 0
2021/08/28-08:06:56.729474 7f0d88f47700 	kSnappyCompression supported: 1
2021/08/28-08:06:56.729481 7f0d88f47700 Fast CRC32 supported: Supported on x86
2021/08/28-08:06:56.734533 7f0d88f47700 [db/db_impl/db_impl_open.cc:283] Creating manifest 1 
2021/08/28-08:06:56.748492 7f0d88f47700 [db/version_set.cc:4757] Recovering from manifest file: ./storage/collections/test_collection/segments/d6abe781-7d25-44b5-94a1-fbb586022a57/payload_storage/MANIFEST-000001
2021/08/28-08:06:56.748806 7f0d88f47700 [db/column_family.cc:597] --------------- Options for column family [default]:
2021/08/28-08:06:56.748817 7f0d88f47700               Options.comparator: leveldb.BytewiseComparator
2021/08/28-08:06:56.748822 7f0d88f47700           Options.merge_operator: None
2021/08/28-08:06:56.748826 7f0d88f47700        Options.compaction_filter: None
2021/08/28-08:06:56.748830 7f0d88f47700        Options.compaction_filter_factory: None
2021/08/28-08:06:56.748833 7f0d88f47700  Options.sst_partitioner_factory: None
2021/08/28-08:06:56.748836 7f0d88f47700         Options.memtable_factory: SkipListFactory
2021/08/28-08:06:56.748840 7f0d88f47700            Options.table_factory: BlockBasedTable
2021/08/28-08:06:56.748914 7f0d88f47700            table_factory options:   flush_block_policy_factory: FlushBlockBySizePolicyFactory (0x7f0d54316700)
  cache_index_and_filter_blocks: 0
  cache_index_and_filter_blocks_with_high_priority: 1
  pin_l0_filter_and_index_blocks_in_cache: 0
  pin_top_level_index_and_filter: 1
  index_type: 0
  data_block_index_type: 0
  index_shortening: 1
  data_block_hash_table_util_ratio: 0.750000
  hash_index_allow_collision: 1
  checksum: 1
  no_block_cache: 0
  block_cache: 0x7f0d543d3e90
  block_cache_name: LRUCache
  block_cache_options:
    capacity : 8388608
    num_shard_bits : 4
    strict_capacity_limit : 0
    memory_allocator : None
    high_pri_pool_ratio: 0.000
  block_cache_compressed: (nil)
  persistent_cache: (nil)
  block_size: 4096
  block_size_deviation: 10
  block_restart_interval: 16
  index_block_restart_interval: 1
  metadata_block_size: 4096
  partition_filters: 0
  use_delta_encoding: 1
  filter_policy: nullptr
  whole_key_filtering: 1
  verify_compression: 0
  read_amp_bytes_per_bit: 0
  format_version: 4
  enable_index_compression: 1
  block_align: 0
2021/08/28-08:06:56.748919 7f0d88f47700        Options.write_buffer_size: 67108864
2021/08/28-08:06:56.748923 7f0d88f47700  Options.max_write_buffer_number: 2
2021/08/28-08:06:56.748926 7f0d88f47700          Options.compression: Snappy
2021/08/28-08:06:56.748930 7f0d88f47700                  Options.bottommost_compression: Disabled
2021/08/28-08:06:56.748933 7f0d88f47700       Options.prefix_extractor: nullptr
2021/08/28-08:06:56.748937 7f0d88f47700   Options.memtable_insert_with_hint_prefix_extractor: nullptr
2021/08/28-08:06:56.748940 7f0d88f47700             Options.num_levels: 7
2021/08/28-08:06:56.748943 7f0d88f47700        Options.min_write_buffer_number_to_merge: 1
2021/08/28-08:06:56.748946 7f0d88f47700     Options.max_write_buffer_number_to_maintain: 0
2021/08/28-08:06:56.748949 7f0d88f47700     Options.max_write_buffer_size_to_maintain: 0
2021/08/28-08:06:56.748953 7f0d88f47700            Options.bottommost_compression_opts.window_bits: -14
2021/08/28-08:06:56.748956 7f0d88f47700                  Options.bottommost_compression_opts.level: 32767
2021/08/28-08:06:56.748960 7f0d88f47700               Options.bottommost_compression_opts.strategy: 0
2021/08/28-08:06:56.748963 7f0d88f47700         Options.bottommost_compression_opts.max_dict_bytes: 0
2021/08/28-08:06:56.749006 7f0d88f47700         Options.bottommost_compression_opts.zstd_max_train_bytes: 0
2021/08/28-08:06:56.749011 7f0d88f47700         Options.bottommost_compression_opts.parallel_threads: 1
2021/08/28-08:06:56.749014 7f0d88f47700                  Options.bottommost_compression_opts.enabled: false
2021/08/28-08:06:56.749018 7f0d88f47700            Options.compression_opts.window_bits: -14
2021/08/28-08:06:56.749021 7f0d88f47700                  Options.compression_opts.level: 32767
2021/08/28-08:06:56.749024 7f0d88f47700               Options.compression_opts.strategy: 0
2021/08/28-08:06:56.749028 7f0d88f47700         Options.compression_opts.max_dict_bytes: 0
2021/08/28-08:06:56.749031 7f0d88f47700         Options.compression_opts.zstd_max_train_bytes: 0
2021/08/28-08:06:56.749034 7f0d88f47700         Options.compression_opts.parallel_threads: 1
2021/08/28-08:06:56.749037 7f0d88f47700                  Options.compression_opts.enabled: false
2021/08/28-08:06:56.749041 7f0d88f47700      Options.level0_file_num_compaction_trigger: 4
2021/08/28-08:06:56.749044 7f0d88f47700          Options.level0_slowdown_writes_trigger: 20
2021/08/28-08:06:56.749047 7f0d88f47700              Options.level0_stop_writes_trigger: 36
2021/08/28-08:06:56.749050 7f0d88f47700                   Options.target_file_size_base: 67108864
2021/08/28-08:06:56.749054 7f0d88f47700             Options.target_file_size_multiplier: 1
2021/08/28-08:06:56.749057 7f0d88f47700                Options.max_bytes_for_level_base: 268435456
2021/08/28-08:06:56.749060 7f0d88f47700 Options.level_compaction_dynamic_level_bytes: 0
2021/08/28-08:06:56.749064 7f0d88f47700          Options.max_bytes_for_level_multiplier: 10.000000
2021/08/28-08:06:56.749070 7f0d88f47700 Options.max_bytes_for_level_multiplier_addtl[0]: 1
2021/08/28-08:06:56.749074 7f0d88f47700 Options.max_bytes_for_level_multiplier_addtl[1]: 1
2021/08/28-08:06:56.749077 7f0d88f47700 Options.max_bytes_for_level_multiplier_addtl[2]: 1
2021/08/28-08:06:56.749080 7f0d88f47700 Options.max_bytes_for_level_multiplier_addtl[3]: 1
2021/08/28-08:06:56.749084 7f0d88f47700 Options.max_bytes_for_level_multiplier_addtl[4]: 1
2021/08/28-08:06:56.749087 7f0d88f47700 Options.max_bytes_for_level_multiplier_addtl[5]: 1
2021/08/28-08:06:56.749090 7f0d88f47700 Options.max_bytes_for_level_multiplier_addtl[6]: 1
2021/08/28-08:06:56.749093 7f0d88f47700       Options.max_sequential_skip_in_iterations: 8
2021/08/28-08:06:56.749097 7f0d88f47700                    Options.max_compaction_bytes: 1677721600
2021/08/28-08:06:56.749100 7f0d88f47700                        Options.arena_block_size: 8388608
2021/08/28-08:06:56.749103 7f0d88f47700   Options.soft_pending_compaction_bytes_limit: 68719476736
2021/08/28-08:06:56.749107 7f0d88f47700   Options.hard_pending_compaction_bytes_limit: 274877906944
2021/08/28-08:06:56.749110 7f0d88f47700       Options.rate_limit_delay_max_milliseconds: 100
2021/08/28-08:06:56.749113 7f0d88f47700                Options.disable_auto_compactions: 0
2021/08/28-08:06:56.749119 7f0d88f47700                        Options.compaction_style: kCompactionStyleLevel
2021/08/28-08:06:56.749123 7f0d88f47700                          Options.compaction_pri: kMinOverlappingRatio
2021/08/28-08:06:56.749126 7f0d88f47700 Options.compaction_options_universal.size_ratio: 1
2021/08/28-08:06:56.749129 7f0d88f47700 Options.compaction_options_universal.min_merge_width: 2
2021/08/28-08:06:56.749133 7f0d88f47700 Options.compaction_options_universal.max_merge_width: 4294967295
2021/08/28-08:06:56.749136 7f0d88f47700 Options.compaction_options_universal.max_size_amplification_percent: 200
2021/08/28-08:06:56.749139 7f0d88f47700 Options.compaction_options_universal.compression_size_percent: -1
2021/08/28-08:06:56.749143 7f0d88f47700 Options.compaction_options_universal.stop_style: kCompactionStopStyleTotalSize
2021/08/28-08:06:56.749147 7f0d88f47700 Options.compaction_options_fifo.max_table_files_size: 1073741824
2021/08/28-08:06:56.749150 7f0d88f47700 Options.compaction_options_fifo.allow_compaction: 0
2021/08/28-08:06:56.749181 7f0d88f47700                   Options.table_properties_collectors: 
2021/08/28-08:06:56.749186 7f0d88f47700                   Options.inplace_update_support: 0
2021/08/28-08:06:56.749189 7f0d88f47700                 Options.inplace_update_num_locks: 10000
2021/08/28-08:06:56.749192 7f0d88f47700               Options.memtable_prefix_bloom_size_ratio: 0.000000
2021/08/28-08:06:56.749197 7f0d88f47700               Options.memtable_whole_key_filtering: 0
2021/08/28-08:06:56.749200 7f0d88f47700   Options.memtable_huge_page_size: 0
2021/08/28-08:06:56.749203 7f0d88f47700                           Options.bloom_locality: 0
2021/08/28-08:06:56.749206 7f0d88f47700                    Options.max_successive_merges: 0
2021/08/28-08:06:56.749210 7f0d88f47700                Options.optimize_filters_for_hits: 0
2021/08/28-08:06:56.749213 7f0d88f47700                Options.paranoid_file_checks: 0
2021/08/28-08:06:56.749216 7f0d88f47700                Options.force_consistency_checks: 1
2021/08/28-08:06:56.749219 7f0d88f47700                Options.report_bg_io_stats: 0
2021/08/28-08:06:56.749222 7f0d88f47700                               Options.ttl: 2592000
2021/08/28-08:06:56.749226 7f0d88f47700          Options.periodic_compaction_seconds: 0
2021/08/28-08:06:56.749229 7f0d88f47700                    Options.enable_blob_files: false
2021/08/28-08:06:56.749232 7f0d88f47700                        Options.min_blob_size: 0
2021/08/28-08:06:56.749235 7f0d88f47700                       Options.blob_file_size: 268435456
2021/08/28-08:06:56.749239 7f0d88f47700                Options.blob_compression_type: NoCompression
2021/08/28-08:06:56.749242 7f0d88f47700       Options.enable_blob_garbage_collection: false
2021/08/28-08:06:56.749245 7f0d88f47700   Options.blob_garbage_collection_age_cutoff: 0.250000
2021/08/28-08:06:56.750948 7f0d88f47700 [db/version_set.cc:4805] Recovered from manifest file:./storage/collections/test_collection/segments/d6abe781-7d25-44b5-94a1-fbb586022a57/payload_storage/MANIFEST-000001 succeeded,manifest_file_number is 1, next_file_number is 3, last_sequence is 0, log_number is 0,prev_log_number is 0,max_column_family is 0,min_log_number_to_keep is 0
2021/08/28-08:06:56.750983 7f0d88f47700 [db/version_set.cc:4814] Column family [default] (ID 0), log number is 0
2021/08/28-08:06:56.751273 7f0d88f47700 [db/version_set.cc:4111] Creating manifest 3
2021/08/28-08:06:56.770334 7f0d88f47700 [db/column_family.cc:597] --------------- Options for column family [payload]:
2021/08/28-08:06:56.770360 7f0d88f47700               Options.comparator: leveldb.BytewiseComparator
2021/08/28-08:06:56.770366 7f0d88f47700           Options.merge_operator: None
2021/08/28-08:06:56.770370 7f0d88f47700        Options.compaction_filter: None
2021/08/28-08:06:56.770373 7f0d88f47700        Options.compaction_filter_factory: None
2021/08/28-08:06:56.770377 7f0d88f47700  Options.sst_partitioner_factory: None
2021/08/28-08:06:56.770380 7f0d88f47700         Options.memtable_factory: SkipListFactory
2021/08/28-08:06:56.770383 7f0d88f47700            Options.table_factory: BlockBasedTable
2021/08/28-08:06:56.770455 7f0d88f47700            table_factory options:   flush_block_policy_factory: FlushBlockBySizePolicyFactory (0x7f0d54319d00)
  cache_index_and_filter_blocks: 0
  cache_index_and_filter_blocks_with_high_priority: 1
  pin_l0_filter_and_index_blocks_in_cache: 0
  pin_top_level_index_and_filter: 1
  index_type: 0
  data_block_index_type: 0
  index_shortening: 1
  data_block_hash_table_util_ratio: 0.750000
  hash_index_allow_collision: 1
  checksum: 1
  no_block_cache: 0
  block_cache: 0x7f0d543d40e0
  block_cache_name: LRUCache
  block_cache_options:
    capacity : 8388608
    num_shard_bits : 4
    strict_capacity_limit : 0
    memory_allocator : None
    high_pri_pool_ratio: 0.000
  block_cache_compressed: (nil)
  persistent_cache: (nil)
  block_size: 4096
  block_size_deviation: 10
  block_restart_interval: 16
  index_block_restart_interval: 1
  metadata_block_size: 4096
  partition_filters: 0
  use_delta_encoding: 1
  filter_policy: nullptr
  whole_key_filtering: 1
  verify_compression: 0
  read_amp_bytes_per_bit: 0
  format_version: 4
  enable_index_compression: 1
  block_align: 0
2021/08/28-08:06:56.770461 7f0d88f47700        Options.write_buffer_size: 67108864
2021/08/28-08:06:56.770466 7f0d88f47700  Options.max_write_buffer_number: 2
2021/08/28-08:06:56.770472 7f0d88f47700          Options.compression: Snappy
2021/08/28-08:06:56.770478 7f0d88f47700                  Options.bottommost_compression: Disabled
2021/08/28-08:06:56.770483 7f0d88f47700       Options.prefix_extractor: nullptr
2021/08/28-08:06:56.770488 7f0d88f47700   Options.memtable_insert_with_hint_prefix_extractor: nullptr
2021/08/28-08:06:56.770493 7f0d88f47700             Options.num_levels: 7
2021/08/28-08:06:56.770498 7f0d88f47700        Options.min_write_buffer_number_to_merge: 1
2021/08/28-08:06:56.770504 7f0d88f47700     Options.max_write_buffer_number_to_maintain: 0
2021/08/28-08:06:56.770509 7f0d88f47700     Options.max_write_buffer_size_to_maintain: 0
2021/08/28-08:06:56.770515 7f0d88f47700            Options.bottommost_compression_opts.window_bits: -14
2021/08/28-08:06:56.770521 7f0d88f47700                  Options.bottommost_compression_opts.level: 32767
2021/08/28-08:06:56.770527 7f0d88f47700               Options.bottommost_compression_opts.strategy: 0
2021/08/28-08:06:56.770533 7f0d88f47700         Options.bottommost_compression_opts.max_dict_bytes: 0
2021/08/28-08:06:56.770538 7f0d88f47700         Options.bottommost_compression_opts.zstd_max_train_bytes: 0
2021/08/28-08:06:56.770544 7f0d88f47700         Options.bottommost_compression_opts.parallel_threads: 1
2021/08/28-08:06:56.770550 7f0d88f47700                  Options.bottommost_compression_opts.enabled: false
2021/08/28-08:06:56.770555 7f0d88f47700            Options.compression_opts.window_bits: -14
2021/08/28-08:06:56.770561 7f0d88f47700                  Options.compression_opts.level: 32767
2021/08/28-08:06:56.770566 7f0d88f47700               Options.compression_opts.strategy: 0
2021/08/28-08:06:56.770572 7f0d88f47700         Options.compression_opts.max_dict_bytes: 0
2021/08/28-08:06:56.770577 7f0d88f47700         Options.compression_opts.zstd_max_train_bytes: 0
2021/08/28-08:06:56.770582 7f0d88f47700         Options.compression_opts.parallel_threads: 1
2021/08/28-08:06:56.770588 7f0d88f47700                  Options.compression_opts.enabled: false
2021/08/28-08:06:56.770662 7f0d88f47700      Options.level0_file_num_compaction_trigger: 4
2021/08/28-08:06:56.770673 7f0d88f47700          Options.level0_slowdown_writes_trigger: 20
2021/08/28-08:06:56.770679 7f0d88f47700              Options.level0_stop_writes_trigger: 36
2021/08/28-08:06:56.770685 7f0d88f47700                   Options.target_file_size_base: 67108864
2021/08/28-08:06:56.770691 7f0d88f47700             Options.target_file_size_multiplier: 1
2021/08/28-08:06:56.770696 7f0d88f47700                Options.max_bytes_for_level_base: 268435456
2021/08/28-08:06:56.770700 7f0d88f47700 Options.level_compaction_dynamic_level_bytes: 0
2021/08/28-08:06:56.770703 7f0d88f47700          Options.max_bytes_for_level_multiplier: 10.000000
2021/08/28-08:06:56.770711 7f0d88f47700 Options.max_bytes_for_level_multiplier_addtl[0]: 1
2021/08/28-08:06:56.770715 7f0d88f47700 Options.max_bytes_for_level_multiplier_addtl[1]: 1
2021/08/28-08:06:56.770718 7f0d88f47700 Options.max_bytes_for_level_multiplier_addtl[2]: 1
2021/08/28-08:06:56.770721 7f0d88f47700 Options.max_bytes_for_level_multiplier_addtl[3]: 1
2021/08/28-08:06:56.770724 7f0d88f47700 Options.max_bytes_for_level_multiplier_addtl[4]: 1
2021/08/28-08:06:56.770728 7f0d88f47700 Options.max_bytes_for_level_multiplier_addtl[5]: 1
2021/08/28-08:06:56.770731 7f0d88f47700 Options.max_bytes_for_level_multiplier_addtl[6]: 1
2021/08/28-08:06:56.770734 7f0d88f47700       Options.max_sequential_skip_in_iterations: 8
2021/08/28-08:06:56.770737 7f0d88f47700                    Options.max_compaction_bytes: 1677721600
2021/08/28-08:06:56.770741 7f0d88f47700                        Options.arena_block_size: 8388608
2021/08/28-08:06:56.770744 7f0d88f47700   Options.soft_pending_compaction_bytes_limit: 68719476736
2021/08/28-08:06:56.770748 7f0d88f47700   Options.hard_pending_compaction_bytes_limit: 274877906944
2021/08/28-08:06:56.770751 7f0d88f47700       Options.rate_limit_delay_max_milliseconds: 100
2021/08/28-08:06:56.770754 7f0d88f47700                Options.disable_auto_compactions: 0
2021/08/28-08:06:56.770760 7f0d88f47700                        Options.compaction_style: kCompactionStyleLevel
2021/08/28-08:06:56.770764 7f0d88f47700                          Options.compaction_pri: kMinOverlappingRatio
2021/08/28-08:06:56.770768 7f0d88f47700 Options.compaction_options_universal.size_ratio: 1
2021/08/28-08:06:56.770771 7f0d88f47700 Options.compaction_options_universal.min_merge_width: 2
2021/08/28-08:06:56.770774 7f0d88f47700 Options.compaction_options_universal.max_merge_width: 4294967295
2021/08/28-08:06:56.770777 7f0d88f47700 Options.compaction_options_universal.max_size_amplification_percent: 200
2021/08/28-08:06:56.770780 7f0d88f47700 Options.compaction_options_universal.compression_size_percent: -1
2021/08/28-08:06:56.770786 7f0d88f47700 Options.compaction_options_universal.stop_style: kCompactionStopStyleTotalSize
2021/08/28-08:06:56.770789 7f0d88f47700 Options.compaction_options_fifo.max_table_files_size: 1073741824
2021/08/28-08:06:56.770792 7f0d88f47700 Options.compaction_options_fifo.allow_compaction: 0
2021/08/28-08:06:56.770808 7f0d88f47700                   Options.table_properties_collectors: 
2021/08/28-08:06:56.770812 7f0d88f47700                   Options.inplace_update_support: 0
2021/08/28-08:06:56.770815 7f0d88f47700                 Options.inplace_update_num_locks: 10000
2021/08/28-08:06:56.770818 7f0d88f47700               Options.memtable_prefix_bloom_size_ratio: 0.000000
2021/08/28-08:06:56.770823 7f0d88f47700               Options.memtable_whole_key_filtering: 0
2021/08/28-08:06:56.770826 7f0d88f47700   Options.memtable_huge_page_size: 0
2021/08/28-08:06:56.770829 7f0d88f47700                           Options.bloom_locality: 0
2021/08/28-08:06:56.770833 7f0d88f47700                    Options.max_successive_merges: 0
2021/08/28-08:06:56.770836 7f0d88f47700                Options.optimize_filters_for_hits: 0
2021/08/28-08:06:56.770839 7f0d88f47700                Options.paranoid_file_checks: 0
2021/08/28-08:06:56.770842 7f0d88f47700                Options.force_consistency_checks: 1
2021/08/28-08:06:56.770871 7f0d88f47700                Options.report_bg_io_stats: 0
2021/08/28-08:06:56.770877 7f0d88f47700                               Options.ttl: 2592000
2021/08/28-08:06:56.770882 7f0d88f47700          Options.periodic_compaction_seconds: 0
2021/08/28-08:06:56.770887 7f0d88f47700                    Options.enable_blob_files: false
2021/08/28-08:06:56.770892 7f0d88f47700                        Options.min_blob_size: 0
2021/08/28-08:06:56.770897 7f0d88f47700                       Options.blob_file_size: 268435456
2021/08/28-08:06:56.770902 7f0d88f47700                Options.blob_compression_type: NoCompression
2021/08/28-08:06:56.770907 7f0d88f47700       Options.enable_blob_garbage_collection: false
2021/08/28-08:06:56.770913 7f0d88f47700   Options.blob_garbage_collection_age_cutoff: 0.250000
2021/08/28-08:06:56.771066 7f0d88f47700 [db/db_impl/db_impl.cc:2658] Created column family [payload] (ID 1)
2021/08/28-08:06:56.790969 7f0d88f47700 [db/db_impl/db_impl_open.cc:1707] SstFileManager instance 0x7f0d543d00d0
2021/08/28-08:06:56.791005 7f0d88f47700 DB pointer 0x7f0d5433dbd0
2021/08/28-08:07:29.791760 7f0d1effd700 [db/db_impl/db_impl.cc:927] ------- DUMPING STATS -------
2021/08/28-08:07:29.792032 7f0d1effd700 [db/db_impl/db_impl.cc:928] 
** DB Stats **
Uptime(secs): 33.0 total, 33.0 interval
Cumulative writes: 0 writes, 0 keys, 0 commit groups, 0.0 writes per commit group, ingest: 0.00 GB, 0.00 MB/s
Cumulative WAL: 0 writes, 0 syncs, 0.00 writes per sync, written: 0.00 GB, 0.00 MB/s
Cumulative stall: 00:00:0.000 H:M:S, 0.0 percent
Interval writes: 0 writes, 0 keys, 0 commit groups, 0.0 writes per commit group, ingest: 0.00 MB, 0.00 MB/s
Interval WAL: 0 writes, 0 syncs, 0.00 writes per sync, written: 0.00 MB, 0.00 MB/s
Interval stall: 00:00:0.000 H:M:S, 0.0 percent

** Compaction Stats [default] **
Level    Files   Size     Score Read(GB)  Rn(GB) Rnp1(GB) Write(GB) Wnew(GB) Moved(GB) W-Amp Rd(MB/s) Wr(MB/s) Comp(sec) CompMergeCPU(sec) Comp(cnt) Avg(sec) KeyIn KeyDrop
----------------------------------------------------------------------------------------------------------------------------------------------------------------------------
 Sum      0/0    0.00 KB   0.0      0.0     0.0      0.0       0.0      0.0       0.0   0.0      0.0      0.0      0.00              0.00         0    0.000       0      0
 Int      0/0    0.00 KB   0.0      0.0     0.0      0.0       0.0      0.0       0.0   0.0      0.0      0.0      0.00              0.00         0    0.000       0      0

** Compaction Stats [default] **
Priority    Files   Size     Score Read(GB)  Rn(GB) Rnp1(GB) Write(GB) Wnew(GB) Moved(GB) W-Amp Rd(MB/s) Wr(MB/s) Comp(sec) CompMergeCPU(sec) Comp(cnt) Avg(sec) KeyIn KeyDrop
-------------------------------------------------------------------------------------------------------------------------------------------------------------------------------
Uptime(secs): 33.0 total, 33.0 interval
Flush(GB): cumulative 0.000, interval 0.000
AddFile(GB): cumulative 0.000, interval 0.000
AddFile(Total Files): cumulative 0, interval 0
AddFile(L0 Files): cumulative 0, interval 0
AddFile(Keys): cumulative 0, interval 0
Cumulative compaction: 0.00 GB write, 0.00 MB/s write, 0.00 GB read, 0.00 MB/s read, 0.0 seconds
Interval compaction: 0.00 GB write, 0.00 MB/s write, 0.00 GB read, 0.00 MB/s read, 0.0 seconds
Stalls(count): 0 level0_slowdown, 0 level0_slowdown_with_compaction, 0 level0_numfiles, 0 level0_numfiles_with_compaction, 0 stop for pending_compaction_bytes, 0 slowdown for pending_compaction_bytes, 0 memtable_compaction, 0 memtable_slowdown, interval 0 total count

** File Read Latency Histogram By Level [default] **

** Compaction Stats [payload] **
Level    Files   Size     Score Read(GB)  Rn(GB) Rnp1(GB) Write(GB) Wnew(GB) Moved(GB) W-Amp Rd(MB/s) Wr(MB/s) Comp(sec) CompMergeCPU(sec) Comp(cnt) Avg(sec) KeyIn KeyDrop
----------------------------------------------------------------------------------------------------------------------------------------------------------------------------
 Sum      0/0    0.00 KB   0.0      0.0     0.0      0.0       0.0      0.0       0.0   0.0      0.0      0.0      0.00              0.00         0    0.000       0      0
 Int      0/0    0.00 KB   0.0      0.0     0.0      0.0       0.0      0.0       0.0   0.0      0.0      0.0      0.00              0.00         0    0.000       0      0

** Compaction Stats [payload] **
Priority    Files   Size     Score Read(GB)  Rn(GB) Rnp1(GB) Write(GB) Wnew(GB) Moved(GB) W-Amp Rd(MB/s) Wr(MB/s) Comp(sec) CompMergeCPU(sec) Comp(cnt) Avg(sec) KeyIn KeyDrop
-------------------------------------------------------------------------------------------------------------------------------------------------------------------------------
Uptime(secs): 33.0 total, 33.0 interval
Flush(GB): cumulative 0.000, interval 0.000
AddFile(GB): cumulative 0.000, interval 0.000
AddFile(Total Files): cumulative 0, interval 0
AddFile(L0 Files): cumulative 0, interval 0
AddFile(Keys): cumulative 0, interval 0
Cumulative compaction: 0.00 GB write, 0.00 MB/s write, 0.00 GB read, 0.00 MB/s read, 0.0 seconds
Interval compaction: 0.00 GB write, 0.00 MB/s write, 0.00 GB read, 0.00 MB/s read, 0.0 seconds
Stalls(count): 0 level0_slowdown, 0 level0_slowdown_with_compaction, 0 level0_numfiles, 0 level0_numfiles_with_compaction, 0 stop for pending_compaction_bytes, 0 slowdown for pending_compaction_bytes, 0 memtable_compaction, 0 memtable_slowdown, interval 0 total count

** File Read Latency Histogram By Level [payload] **

** Compaction Stats [default] **
Level    Files   Size     Score Read(GB)  Rn(GB) Rnp1(GB) Write(GB) Wnew(GB) Moved(GB) W-Amp Rd(MB/s) Wr(MB/s) Comp(sec) CompMergeCPU(sec) Comp(cnt) Avg(sec) KeyIn KeyDrop
----------------------------------------------------------------------------------------------------------------------------------------------------------------------------
 Sum      0/0    0.00 KB   0.0      0.0     0.0      0.0       0.0      0.0       0.0   0.0      0.0      0.0      0.00              0.00         0    0.000       0      0
 Int      0/0    0.00 KB   0.0      0.0     0.0      0.0       0.0      0.0       0.0   0.0      0.0      0.0      0.00              0.00         0    0.000       0      0

** Compaction Stats [default] **
Priority    Files   Size     Score Read(GB)  Rn(GB) Rnp1(GB) Write(GB) Wnew(GB) Moved(GB) W-Amp Rd(MB/s) Wr(MB/s) Comp(sec) CompMergeCPU(sec) Comp(cnt) Avg(sec) KeyIn KeyDrop
-------------------------------------------------------------------------------------------------------------------------------------------------------------------------------
Uptime(secs): 33.0 total, 0.0 interval
Flush(GB): cumulative 0.000, interval 0.000
AddFile(GB): cumulative 0.000, interval 0.000
AddFile(Total Files): cumulative 0, interval 0
AddFile(L0 Files): cumulative 0, interval 0
AddFile(Keys): cumulative 0, interval 0
Cumulative compaction: 0.00 GB write, 0.00 MB/s write, 0.00 GB read, 0.00 MB/s read, 0.0 seconds
Interval compaction: 0.00 GB write, 0.00 MB/s write, 0.00 GB read, 0.00 MB/s read, 0.0 seconds
Stalls(count): 0 level0_slowdown, 0 level0_slowdown_with_compaction, 0 level0_numfiles, 0 level0_numfiles_with_compaction, 0 stop for pending_compaction_bytes, 0 slowdown for pending_compaction_bytes, 0 memtable_compaction, 0 memtable_slowdown, interval 0 total count

** File Read Latency Histogram By Level [default] **

** Compaction Stats [payload] **
Level    Files   Size     Score Read(GB)  Rn(GB) Rnp1(GB) Write(GB) Wnew(GB) Moved(GB) W-Amp Rd(MB/s) Wr(MB/s) Comp(sec) CompMergeCPU(sec) Comp(cnt) Avg(sec) KeyIn KeyDrop
----------------------------------------------------------------------------------------------------------------------------------------------------------------------------
 Sum      0/0    0.00 KB   0.0      0.0     0.0      0.0       0.0      0.0       0.0   0.0      0.0      0.0      0.00              0.00         0    0.000       0      0
 Int      0/0    0.00 KB   0.0      0.0     0.0      0.0       0.0      0.0       0.0   0.0      0.0      0.0      0.00              0.00         0    0.000       0      0

** Compaction Stats [payload] **
Priority    Files   Size     Score Read(GB)  Rn(GB) Rnp1(GB) Write(GB) Wnew(GB) Moved(GB) W-Amp Rd(MB/s) Wr(MB/s) Comp(sec) CompMergeCPU(sec) Comp(cnt) Avg(sec) KeyIn KeyDrop
-------------------------------------------------------------------------------------------------------------------------------------------------------------------------------
Uptime(secs): 33.0 total, 0.0 interval
Flush(GB): cumulative 0.000, interval 0.000
AddFile(GB): cumulative 0.000, interval 0.000
AddFile(Total Files): cumulative 0, interval 0
AddFile(L0 Files): cumulative 0, interval 0
AddFile(Keys): cumulative 0, interval 0
Cumulative compaction: 0.00 GB write, 0.00 MB/s write, 0.00 GB read, 0.00 MB/s read, 0.0 seconds
Interval compaction: 0.00 GB write, 0.00 MB/s write, 0.00 GB read, 0.00 MB/s read, 0.0 seconds
Stalls(count): 0 level0_slowdown, 0 level0_slowdown_with_compaction, 0 level0_numfiles, 0 level0_numfiles_with_compaction, 0 stop for pending_compaction_bytes, 0 slowdown for pending_compaction_bytes, 0 memtable_compaction, 0 memtable_slowdown, interval 0 total count

** File Read Latency Histogram By Level [payload] **
