2021/08/28-08:06:56.920190 7f0d88f47700 RocksDB version: 6.17.3
2021/08/28-08:06:56.920247 7f0d88f47700 Git sha rocksdb_build_git_sha:@09c7e96eac1ab983f97ce9e0406730b8014b3398@
2021/08/28-08:06:56.920254 7f0d88f47700 Compile date Jul 25 2021
2021/08/28-08:06:56.920372 7f0d88f47700 DB SUMMARY
2021/08/28-08:06:56.920379 7f0d88f47700 DB Session ID:  LM7WUFAUJLXSLTDS2552
2021/08/28-08:06:56.920418 7f0d88f47700 SST files in ./storage/collections/test_collection/segments/06fd62fb-8c4d-4d99-9c32-99ea952e3516/payload_storage dir, Total Num: 0, files: 
2021/08/28-08:06:56.920424 7f0d88f47700 Write Ahead Log file in ./storage/collections/test_collection/segments/06fd62fb-8c4d-4d99-9c32-99ea952e3516/payload_storage: 
2021/08/28-08:06:56.920429 7f0d88f47700                         Options.error_if_exists: 0
2021/08/28-08:06:56.920432 7f0d88f47700                       Options.create_if_missing: 1
2021/08/28-08:06:56.920436 7f0d88f47700                         Options.paranoid_checks: 1
2021/08/28-08:06:56.920439 7f0d88f47700                               Options.track_and_verify_wals_in_manifest: 0
2021/08/28-08:06:56.920442 7f0d88f47700                                     Options.env: 0x55ee7d410d00
2021/08/28-08:06:56.920447 7f0d88f47700                                      Options.fs: Posix File System
2021/08/28-08:06:56.920450 7f0d88f47700                                Options.info_log: 0x7f0d54496390
2021/08/28-08:06:56.920454 7f0d88f47700                Options.max_file_opening_threads: 16
2021/08/28-08:06:56.920457 7f0d88f47700                              Options.statistics: (nil)
2021/08/28-08:06:56.920461 7f0d88f47700                               Options.use_fsync: 0
2021/08/28-08:06:56.920464 7f0d88f47700                       Options.max_log_file_size: 0
2021/08/28-08:06:56.920467 7f0d88f47700                  Options.max_manifest_file_size: 1073741824
2021/08/28-08:06:56.920471 7f0d88f47700                   Options.log_file_time_to_roll: 0
2021/08/28-08:06:56.920474 7f0d88f47700                       Options.keep_log_file_num: 1000
2021/08/28-08:06:56.920478 7f0d88f47700                    Options.recycle_log_file_num: 0
2021/08/28-08:06:56.920481 7f0d88f47700                         Options.allow_fallocate: 1
2021/08/28-08:06:56.920484 7f0d88f47700                        Options.allow_mmap_reads: 0
2021/08/28-08:06:56.920487 7f0d88f47700                       Options.allow_mmap_writes: 0
2021/08/28-08:06:56.920490 7f0d88f47700                        Options.use_direct_reads: 0
2021/08/28-08:06:56.920494 7f0d88f47700                        Options.use_direct_io_for_flush_and_compaction: 0
2021/08/28-08:06:56.920497 7f0d88f47700          Options.create_missing_column_families: 1
2021/08/28-08:06:56.920500 7f0d88f47700                              Options.db_log_dir: 
2021/08/28-08:06:56.920503 7f0d88f47700                                 Options.wal_dir: ./storage/collections/test_collection/segments/06fd62fb-8c4d-4d99-9c32-99ea952e3516/payload_storage
2021/08/28-08:06:56.920507 7f0d88f47700                Options.table_cache_numshardbits: 6
2021/08/28-08:06:56.920510 7f0d88f47700                         Options.WAL_ttl_seconds: 0
2021/08/28-08:06:56.920513 7f0d88f47700                       Options.WAL_size_limit_MB: 0
2021/08/28-08:06:56.920516 7f0d88f47700                        Options.max_write_batch_group_size_bytes: 1048576
2021/08/28-08:06:56.920520 7f0d88f47700             Options.manifest_preallocation_size: 4194304
2021/08/28-08:06:56.920523 7f0d88f47700                     Options.is_fd_close_on_exec: 1
2021/08/28-08:06:56.920527 7f0d88f47700                   Options.advise_random_on_open: 1
2021/08/28-08:06:56.920530 7f0d88f47700                    Options.db_write_buffer_size: 0
2021/08/28-08:06:56.920533 7f0d88f47700                    Options.write_buffer_manager: 0x7f0d54406510
2021/08/28-08:06:56.920536 7f0d88f47700         Options.access_hint_on_compaction_start: 1
2021/08/28-08:06:56.920540 7f0d88f47700  Options.new_table_reader_for_compaction_inputs: 0
2021/08/28-08:06:56.920543 7f0d88f47700           Options.random_access_max_buffer_size: 1048576
2021/08/28-08:06:56.920546 7f0d88f47700                      Options.use_adaptive_mutex: 0
2021/08/28-08:06:56.920580 7f0d88f47700                            Options.rate_limiter: (nil)
2021/08/28-08:06:56.920586 7f0d88f47700     Options.sst_file_manager.rate_bytes_per_sec: 0
2021/08/28-08:06:56.920589 7f0d88f47700                       Options.wal_recovery_mode: 2
2021/08/28-08:06:56.920592 7f0d88f47700                  Options.enable_thread_tracking: 0
2021/08/28-08:06:56.920595 7f0d88f47700                  Options.enable_pipelined_write: 0
2021/08/28-08:06:56.920599 7f0d88f47700                  Options.unordered_write: 0
2021/08/28-08:06:56.920602 7f0d88f47700         Options.allow_concurrent_memtable_write: 1
2021/08/28-08:06:56.920605 7f0d88f47700      Options.enable_write_thread_adaptive_yield: 1
2021/08/28-08:06:56.920608 7f0d88f47700             Options.write_thread_max_yield_usec: 100
2021/08/28-08:06:56.920612 7f0d88f47700            Options.write_thread_slow_yield_usec: 3
2021/08/28-08:06:56.920615 7f0d88f47700                               Options.row_cache: None
2021/08/28-08:06:56.920618 7f0d88f47700                              Options.wal_filter: None
2021/08/28-08:06:56.920622 7f0d88f47700             Options.avoid_flush_during_recovery: 0
2021/08/28-08:06:56.920625 7f0d88f47700             Options.allow_ingest_behind: 0
2021/08/28-08:06:56.920628 7f0d88f47700             Options.preserve_deletes: 0
2021/08/28-08:06:56.920631 7f0d88f47700             Options.two_write_queues: 0
2021/08/28-08:06:56.920634 7f0d88f47700             Options.manual_wal_flush: 0
2021/08/28-08:06:56.920638 7f0d88f47700             Options.atomic_flush: 0
2021/08/28-08:06:56.920641 7f0d88f47700             Options.avoid_unnecessary_blocking_io: 0
2021/08/28-08:06:56.920644 7f0d88f47700                 Options.persist_stats_to_disk: 0
2021/08/28-08:06:56.920647 7f0d88f47700                 Options.write_dbid_to_manifest: 0
2021/08/28-08:06:56.920650 7f0d88f47700                 Options.log_readahead_size: 0
2021/08/28-08:06:56.920653 7f0d88f47700                 Options.file_checksum_gen_factory: Unknown
2021/08/28-08:06:56.920657 7f0d88f47700                 Options.best_efforts_recovery: 0
2021/08/28-08:06:56.920660 7f0d88f47700                Options.max_bgerror_resume_count: 2147483647
2021/08/28-08:06:56.920663 7f0d88f47700            Options.bgerror_resume_retry_interval: 1000000
2021/08/28-08:06:56.920667 7f0d88f47700             Options.allow_data_in_errors: 0
2021/08/28-08:06:56.920670 7f0d88f47700             Options.db_host_id: __hostname__
2021/08/28-08:06:56.920673 7f0d88f47700             Options.max_background_jobs: 2
2021/08/28-08:06:56.920676 7f0d88f47700             Options.max_background_compactions: -1
2021/08/28-08:06:56.920680 7f0d88f47700             Options.max_subcompactions: 1
2021/08/28-08:06:56.920683 7f0d88f47700             Options.avoid_flush_during_shutdown: 0
2021/08/28-08:06:56.920686 7f0d88f47700           Options.writable_file_max_buffer_size: 1048576
2021/08/28-08:06:56.920689 7f0d88f47700             Options.delayed_write_rate : 16777216
2021/08/28-08:06:56.920693 7f0d88f47700             Options.max_total_wal_size: 0
2021/08/28-08:06:56.920696 7f0d88f47700             Options.delete_obsolete_files_period_micros: 21600000000
2021/08/28-08:06:56.920700 7f0d88f47700                   Options.stats_dump_period_sec: 600
2021/08/28-08:06:56.920703 7f0d88f47700                 Options.stats_persist_period_sec: 600
2021/08/28-08:06:56.920706 7f0d88f47700                 Options.stats_history_buffer_size: 1048576
2021/08/28-08:06:56.920710 7f0d88f47700                          Options.max_open_files: -1
2021/08/28-08:06:56.920713 7f0d88f47700                          Options.bytes_per_sync: 0
2021/08/28-08:06:56.920716 7f0d88f47700                      Options.wal_bytes_per_sync: 0
2021/08/28-08:06:56.920719 7f0d88f47700                   Options.strict_bytes_per_sync: 0
2021/08/28-08:06:56.920722 7f0d88f47700       Options.compaction_readahead_size: 0
2021/08/28-08:06:56.920725 7f0d88f47700                  Options.max_background_flushes: -1
2021/08/28-08:06:56.920743 7f0d88f47700 Compression algorithms supported:
2021/08/28-08:06:56.920748 7f0d88f47700 	kZSTDNotFinalCompression supported: 0
2021/08/28-08:06:56.920752 7f0d88f47700 	kZSTD supported: 0
2021/08/28-08:06:56.920755 7f0d88f47700 	kXpressCompression supported: 0
2021/08/28-08:06:56.920759 7f0d88f47700 	kLZ4HCCompression supported: 0
2021/08/28-08:06:56.920762 7f0d88f47700 	kLZ4Compression supported: 0
2021/08/28-08:06:56.920766 7f0d88f47700 	kBZip2Compression supported: 0
2021/08/28-08:06:56.920769 7f0d88f47700 	kZlibCompression supported: 0
2021/08/28-08:06:56.920772 7f0d88f47700 	kSnappyCompression supported: 1
2021/08/28-08:06:56.920779 7f0d88f47700 Fast CRC32 supported: Supported on x86
2021/08/28-08:06:56.925598 7f0d88f47700 [db/db_impl/db_impl_open.cc:283] Creating manifest 1 
2021/08/28-08:06:56.939808 7f0d88f47700 [db/version_set.cc:4757] Recovering from manifest file: ./storage/collections/test_collection/segments/06fd62fb-8c4d-4d99-9c32-99ea952e3516/payload_storage/MANIFEST-000001
2021/08/28-08:06:56.940112 7f0d88f47700 [db/column_family.cc:597] --------------- Options for column family [default]:
2021/08/28-08:06:56.940123 7f0d88f47700               Options.comparator: leveldb.BytewiseComparator
2021/08/28-08:06:56.940127 7f0d88f47700           Options.merge_operator: None
2021/08/28-08:06:56.940131 7f0d88f47700        Options.compaction_filter: None
2021/08/28-08:06:56.940135 7f0d88f47700        Options.compaction_filter_factory: None
2021/08/28-08:06:56.940138 7f0d88f47700  Options.sst_partitioner_factory: None
2021/08/28-08:06:56.940141 7f0d88f47700         Options.memtable_factory: SkipListFactory
2021/08/28-08:06:56.940145 7f0d88f47700            Options.table_factory: BlockBasedTable
2021/08/28-08:06:56.940240 7f0d88f47700            table_factory options:   flush_block_policy_factory: FlushBlockBySizePolicyFactory (0x7f0d544960a0)
  cache_index_and_filter_blocks: 0
  cache_index_and_filter_blocks_with_high_priority: 1
  pin_l0_filter_and_index_blocks_in_cache: 0
  pin_top_level_index_and_filter: 1
  index_type: 0
  data_block_index_type: 0
  index_shortening: 1
  data_block_hash_table_util_ratio: 0.750000
  hash_index_allow_collision: 1
  checksum: 1
  no_block_cache: 0
  block_cache: 0x7f0d54497d10
  block_cache_name: LRUCache
  block_cache_options:
    capacity : 8388608
    num_shard_bits : 4
    strict_capacity_limit : 0
    memory_allocator : None
    high_pri_pool_ratio: 0.000
  block_cache_compressed: (nil)
  persistent_cache: (nil)
  block_size: 4096
  block_size_deviation: 10
  block_restart_interval: 16
  index_block_restart_interval: 1
  metadata_block_size: 4096
  partition_filters: 0
  use_delta_encoding: 1
  filter_policy: nullptr
  whole_key_filtering: 1
  verify_compression: 0
  read_amp_bytes_per_bit: 0
  format_version: 4
  enable_index_compression: 1
  block_align: 0
2021/08/28-08:06:56.940245 7f0d88f47700        Options.write_buffer_size: 67108864
2021/08/28-08:06:56.940249 7f0d88f47700  Options.max_write_buffer_number: 2
2021/08/28-08:06:56.940252 7f0d88f47700          Options.compression: Snappy
2021/08/28-08:06:56.940256 7f0d88f47700                  Options.bottommost_compression: Disabled
2021/08/28-08:06:56.940259 7f0d88f47700       Options.prefix_extractor: nullptr
2021/08/28-08:06:56.940262 7f0d88f47700   Options.memtable_insert_with_hint_prefix_extractor: nullptr
2021/08/28-08:06:56.940265 7f0d88f47700             Options.num_levels: 7
2021/08/28-08:06:56.940269 7f0d88f47700        Options.min_write_buffer_number_to_merge: 1
2021/08/28-08:06:56.940272 7f0d88f47700     Options.max_write_buffer_number_to_maintain: 0
2021/08/28-08:06:56.940275 7f0d88f47700     Options.max_write_buffer_size_to_maintain: 0
2021/08/28-08:06:56.940278 7f0d88f47700            Options.bottommost_compression_opts.window_bits: -14
2021/08/28-08:06:56.940282 7f0d88f47700                  Options.bottommost_compression_opts.level: 32767
2021/08/28-08:06:56.940285 7f0d88f47700               Options.bottommost_compression_opts.strategy: 0
2021/08/28-08:06:56.940289 7f0d88f47700         Options.bottommost_compression_opts.max_dict_bytes: 0
2021/08/28-08:06:56.940333 7f0d88f47700         Options.bottommost_compression_opts.zstd_max_train_bytes: 0
2021/08/28-08:06:56.940338 7f0d88f47700         Options.bottommost_compression_opts.parallel_threads: 1
2021/08/28-08:06:56.940341 7f0d88f47700                  Options.bottommost_compression_opts.enabled: false
2021/08/28-08:06:56.940345 7f0d88f47700            Options.compression_opts.window_bits: -14
2021/08/28-08:06:56.940348 7f0d88f47700                  Options.compression_opts.level: 32767
2021/08/28-08:06:56.940352 7f0d88f47700               Options.compression_opts.strategy: 0
2021/08/28-08:06:56.940355 7f0d88f47700         Options.compression_opts.max_dict_bytes: 0
2021/08/28-08:06:56.940358 7f0d88f47700         Options.compression_opts.zstd_max_train_bytes: 0
2021/08/28-08:06:56.940361 7f0d88f47700         Options.compression_opts.parallel_threads: 1
2021/08/28-08:06:56.940364 7f0d88f47700                  Options.compression_opts.enabled: false
2021/08/28-08:06:56.940367 7f0d88f47700      Options.level0_file_num_compaction_trigger: 4
2021/08/28-08:06:56.940371 7f0d88f47700          Options.level0_slowdown_writes_trigger: 20
2021/08/28-08:06:56.940374 7f0d88f47700              Options.level0_stop_writes_trigger: 36
2021/08/28-08:06:56.940377 7f0d88f47700                   Options.target_file_size_base: 67108864
2021/08/28-08:06:56.940381 7f0d88f47700             Options.target_file_size_multiplier: 1
2021/08/28-08:06:56.940384 7f0d88f47700                Options.max_bytes_for_level_base: 268435456
2021/08/28-08:06:56.940387 7f0d88f47700 Options.level_compaction_dynamic_level_bytes: 0
2021/08/28-08:06:56.940390 7f0d88f47700          Options.max_bytes_for_level_multiplier: 10.000000
2021/08/28-08:06:56.940397 7f0d88f47700 Options.max_bytes_for_level_multiplier_addtl[0]: 1
2021/08/28-08:06:56.940400 7f0d88f47700 Options.max_bytes_for_level_multiplier_addtl[1]: 1
2021/08/28-08:06:56.940404 7f0d88f47700 Options.max_bytes_for_level_multiplier_addtl[2]: 1
2021/08/28-08:06:56.940407 7f0d88f47700 Options.max_bytes_for_level_multiplier_addtl[3]: 1
2021/08/28-08:06:56.940410 7f0d88f47700 Options.max_bytes_for_level_multiplier_addtl[4]: 1
2021/08/28-08:06:56.940413 7f0d88f47700 Options.max_bytes_for_level_multiplier_addtl[5]: 1
2021/08/28-08:06:56.940417 7f0d88f47700 Options.max_bytes_for_level_multiplier_addtl[6]: 1
2021/08/28-08:06:56.940420 7f0d88f47700       Options.max_sequential_skip_in_iterations: 8
2021/08/28-08:06:56.940423 7f0d88f47700                    Options.max_compaction_bytes: 1677721600
2021/08/28-08:06:56.940427 7f0d88f47700                        Options.arena_block_size: 8388608
2021/08/28-08:06:56.940430 7f0d88f47700   Options.soft_pending_compaction_bytes_limit: 68719476736
2021/08/28-08:06:56.940433 7f0d88f47700   Options.hard_pending_compaction_bytes_limit: 274877906944
2021/08/28-08:06:56.940437 7f0d88f47700       Options.rate_limit_delay_max_milliseconds: 100
2021/08/28-08:06:56.940440 7f0d88f47700                Options.disable_auto_compactions: 0
2021/08/28-08:06:56.940445 7f0d88f47700                        Options.compaction_style: kCompactionStyleLevel
2021/08/28-08:06:56.940450 7f0d88f47700                          Options.compaction_pri: kMinOverlappingRatio
2021/08/28-08:06:56.940453 7f0d88f47700 Options.compaction_options_universal.size_ratio: 1
2021/08/28-08:06:56.940456 7f0d88f47700 Options.compaction_options_universal.min_merge_width: 2
2021/08/28-08:06:56.940459 7f0d88f47700 Options.compaction_options_universal.max_merge_width: 4294967295
2021/08/28-08:06:56.940463 7f0d88f47700 Options.compaction_options_universal.max_size_amplification_percent: 200
2021/08/28-08:06:56.940466 7f0d88f47700 Options.compaction_options_universal.compression_size_percent: -1
2021/08/28-08:06:56.940470 7f0d88f47700 Options.compaction_options_universal.stop_style: kCompactionStopStyleTotalSize
2021/08/28-08:06:56.940474 7f0d88f47700 Options.compaction_options_fifo.max_table_files_size: 1073741824
2021/08/28-08:06:56.940477 7f0d88f47700 Options.compaction_options_fifo.allow_compaction: 0
2021/08/28-08:06:56.940506 7f0d88f47700                   Options.table_properties_collectors: 
2021/08/28-08:06:56.940511 7f0d88f47700                   Options.inplace_update_support: 0
2021/08/28-08:06:56.940514 7f0d88f47700                 Options.inplace_update_num_locks: 10000
2021/08/28-08:06:56.940518 7f0d88f47700               Options.memtable_prefix_bloom_size_ratio: 0.000000
2021/08/28-08:06:56.940523 7f0d88f47700               Options.memtable_whole_key_filtering: 0
2021/08/28-08:06:56.940526 7f0d88f47700   Options.memtable_huge_page_size: 0
2021/08/28-08:06:56.940529 7f0d88f47700                           Options.bloom_locality: 0
2021/08/28-08:06:56.940532 7f0d88f47700                    Options.max_successive_merges: 0
2021/08/28-08:06:56.940535 7f0d88f47700                Options.optimize_filters_for_hits: 0
2021/08/28-08:06:56.940539 7f0d88f47700                Options.paranoid_file_checks: 0
2021/08/28-08:06:56.940542 7f0d88f47700                Options.force_consistency_checks: 1
2021/08/28-08:06:56.940545 7f0d88f47700                Options.report_bg_io_stats: 0
2021/08/28-08:06:56.940548 7f0d88f47700                               Options.ttl: 2592000
2021/08/28-08:06:56.940551 7f0d88f47700          Options.periodic_compaction_seconds: 0
2021/08/28-08:06:56.940555 7f0d88f47700                    Options.enable_blob_files: false
2021/08/28-08:06:56.940558 7f0d88f47700                        Options.min_blob_size: 0
2021/08/28-08:06:56.940561 7f0d88f47700                       Options.blob_file_size: 268435456
2021/08/28-08:06:56.940565 7f0d88f47700                Options.blob_compression_type: NoCompression
2021/08/28-08:06:56.940568 7f0d88f47700       Options.enable_blob_garbage_collection: false
2021/08/28-08:06:56.940571 7f0d88f47700   Options.blob_garbage_collection_age_cutoff: 0.250000
2021/08/28-08:06:56.941972 7f0d88f47700 [db/version_set.cc:4805] Recovered from manifest file:./storage/collections/test_collection/segments/06fd62fb-8c4d-4d99-9c32-99ea952e3516/payload_storage/MANIFEST-000001 succeeded,manifest_file_number is 1, next_file_number is 3, last_sequence is 0, log_number is 0,prev_log_number is 0,max_column_family is 0,min_log_number_to_keep is 0
2021/08/28-08:06:56.941990 7f0d88f47700 [db/version_set.cc:4814] Column family [default] (ID 0), log number is 0
2021/08/28-08:06:56.942179 7f0d88f47700 [db/version_set.cc:4111] Creating manifest 3
2021/08/28-08:06:56.960279 7f0d88f47700 [db/column_family.cc:597] --------------- Options for column family [payload]:
2021/08/28-08:06:56.960312 7f0d88f47700               Options.comparator: leveldb.BytewiseComparator
2021/08/28-08:06:56.960318 7f0d88f47700           Options.merge_operator: None
2021/08/28-08:06:56.960322 7f0d88f47700        Options.compaction_filter: None
2021/08/28-08:06:56.960326 7f0d88f47700        Options.compaction_filter_factory: None
2021/08/28-08:06:56.960329 7f0d88f47700  Options.sst_partitioner_factory: None
2021/08/28-08:06:56.960332 7f0d88f47700         Options.memtable_factory: SkipListFactory
2021/08/28-08:06:56.960336 7f0d88f47700            Options.table_factory: BlockBasedTable
2021/08/28-08:06:56.960412 7f0d88f47700            table_factory options:   flush_block_policy_factory: FlushBlockBySizePolicyFactory (0x7f0d54384760)
  cache_index_and_filter_blocks: 0
  cache_index_and_filter_blocks_with_high_priority: 1
  pin_l0_filter_and_index_blocks_in_cache: 0
  pin_top_level_index_and_filter: 1
  index_type: 0
  data_block_index_type: 0
  index_shortening: 1
  data_block_hash_table_util_ratio: 0.750000
  hash_index_allow_collision: 1
  checksum: 1
  no_block_cache: 0
  block_cache: 0x7f0d543dafe0
  block_cache_name: LRUCache
  block_cache_options:
    capacity : 8388608
    num_shard_bits : 4
    strict_capacity_limit : 0
    memory_allocator : None
    high_pri_pool_ratio: 0.000
  block_cache_compressed: (nil)
  persistent_cache: (nil)
  block_size: 4096
  block_size_deviation: 10
  block_restart_interval: 16
  index_block_restart_interval: 1
  metadata_block_size: 4096
  partition_filters: 0
  use_delta_encoding: 1
  filter_policy: nullptr
  whole_key_filtering: 1
  verify_compression: 0
  read_amp_bytes_per_bit: 0
  format_version: 4
  enable_index_compression: 1
  block_align: 0
2021/08/28-08:06:56.960417 7f0d88f47700        Options.write_buffer_size: 67108864
2021/08/28-08:06:56.960421 7f0d88f47700  Options.max_write_buffer_number: 2
2021/08/28-08:06:56.960425 7f0d88f47700          Options.compression: Snappy
2021/08/28-08:06:56.960428 7f0d88f47700                  Options.bottommost_compression: Disabled
2021/08/28-08:06:56.960432 7f0d88f47700       Options.prefix_extractor: nullptr
2021/08/28-08:06:56.960435 7f0d88f47700   Options.memtable_insert_with_hint_prefix_extractor: nullptr
2021/08/28-08:06:56.960438 7f0d88f47700             Options.num_levels: 7
2021/08/28-08:06:56.960442 7f0d88f47700        Options.min_write_buffer_number_to_merge: 1
2021/08/28-08:06:56.960445 7f0d88f47700     Options.max_write_buffer_number_to_maintain: 0
2021/08/28-08:06:56.960448 7f0d88f47700     Options.max_write_buffer_size_to_maintain: 0
2021/08/28-08:06:56.960452 7f0d88f47700            Options.bottommost_compression_opts.window_bits: -14
2021/08/28-08:06:56.960455 7f0d88f47700                  Options.bottommost_compression_opts.level: 32767
2021/08/28-08:06:56.960459 7f0d88f47700               Options.bottommost_compression_opts.strategy: 0
2021/08/28-08:06:56.960462 7f0d88f47700         Options.bottommost_compression_opts.max_dict_bytes: 0
2021/08/28-08:06:56.960465 7f0d88f47700         Options.bottommost_compression_opts.zstd_max_train_bytes: 0
2021/08/28-08:06:56.960469 7f0d88f47700         Options.bottommost_compression_opts.parallel_threads: 1
2021/08/28-08:06:56.960472 7f0d88f47700                  Options.bottommost_compression_opts.enabled: false
2021/08/28-08:06:56.960475 7f0d88f47700            Options.compression_opts.window_bits: -14
2021/08/28-08:06:56.960480 7f0d88f47700                  Options.compression_opts.level: 32767
2021/08/28-08:06:56.960485 7f0d88f47700               Options.compression_opts.strategy: 0
2021/08/28-08:06:56.960490 7f0d88f47700         Options.compression_opts.max_dict_bytes: 0
2021/08/28-08:06:56.960495 7f0d88f47700         Options.compression_opts.zstd_max_train_bytes: 0
2021/08/28-08:06:56.960501 7f0d88f47700         Options.compression_opts.parallel_threads: 1
2021/08/28-08:06:56.960505 7f0d88f47700                  Options.compression_opts.enabled: false
2021/08/28-08:06:56.960577 7f0d88f47700      Options.level0_file_num_compaction_trigger: 4
2021/08/28-08:06:56.960587 7f0d88f47700          Options.level0_slowdown_writes_trigger: 20
2021/08/28-08:06:56.960593 7f0d88f47700              Options.level0_stop_writes_trigger: 36
2021/08/28-08:06:56.960598 7f0d88f47700                   Options.target_file_size_base: 67108864
2021/08/28-08:06:56.960603 7f0d88f47700             Options.target_file_size_multiplier: 1
2021/08/28-08:06:56.960608 7f0d88f47700                Options.max_bytes_for_level_base: 268435456
2021/08/28-08:06:56.960612 7f0d88f47700 Options.level_compaction_dynamic_level_bytes: 0
2021/08/28-08:06:56.960617 7f0d88f47700          Options.max_bytes_for_level_multiplier: 10.000000
2021/08/28-08:06:56.960629 7f0d88f47700 Options.max_bytes_for_level_multiplier_addtl[0]: 1
2021/08/28-08:06:56.960635 7f0d88f47700 Options.max_bytes_for_level_multiplier_addtl[1]: 1
2021/08/28-08:06:56.960641 7f0d88f47700 Options.max_bytes_for_level_multiplier_addtl[2]: 1
2021/08/28-08:06:56.960647 7f0d88f47700 Options.max_bytes_for_level_multiplier_addtl[3]: 1
2021/08/28-08:06:56.960653 7f0d88f47700 Options.max_bytes_for_level_multiplier_addtl[4]: 1
2021/08/28-08:06:56.960659 7f0d88f47700 Options.max_bytes_for_level_multiplier_addtl[5]: 1
2021/08/28-08:06:56.960664 7f0d88f47700 Options.max_bytes_for_level_multiplier_addtl[6]: 1
2021/08/28-08:06:56.960670 7f0d88f47700       Options.max_sequential_skip_in_iterations: 8
2021/08/28-08:06:56.960675 7f0d88f47700                    Options.max_compaction_bytes: 1677721600
2021/08/28-08:06:56.960678 7f0d88f47700                        Options.arena_block_size: 8388608
2021/08/28-08:06:56.960682 7f0d88f47700   Options.soft_pending_compaction_bytes_limit: 68719476736
2021/08/28-08:06:56.960685 7f0d88f47700   Options.hard_pending_compaction_bytes_limit: 274877906944
2021/08/28-08:06:56.960689 7f0d88f47700       Options.rate_limit_delay_max_milliseconds: 100
2021/08/28-08:06:56.960692 7f0d88f47700                Options.disable_auto_compactions: 0
2021/08/28-08:06:56.960698 7f0d88f47700                        Options.compaction_style: kCompactionStyleLevel
2021/08/28-08:06:56.960703 7f0d88f47700                          Options.compaction_pri: kMinOverlappingRatio
2021/08/28-08:06:56.960706 7f0d88f47700 Options.compaction_options_universal.size_ratio: 1
2021/08/28-08:06:56.960709 7f0d88f47700 Options.compaction_options_universal.min_merge_width: 2
2021/08/28-08:06:56.960712 7f0d88f47700 Options.compaction_options_universal.max_merge_width: 4294967295
2021/08/28-08:06:56.960716 7f0d88f47700 Options.compaction_options_universal.max_size_amplification_percent: 200
2021/08/28-08:06:56.960719 7f0d88f47700 Options.compaction_options_universal.compression_size_percent: -1
2021/08/28-08:06:56.960724 7f0d88f47700 Options.compaction_options_universal.stop_style: kCompactionStopStyleTotalSize
2021/08/28-08:06:56.960728 7f0d88f47700 Options.compaction_options_fifo.max_table_files_size: 1073741824
2021/08/28-08:06:56.960731 7f0d88f47700 Options.compaction_options_fifo.allow_compaction: 0
2021/08/28-08:06:56.960746 7f0d88f47700                   Options.table_properties_collectors: 
2021/08/28-08:06:56.960750 7f0d88f47700                   Options.inplace_update_support: 0
2021/08/28-08:06:56.960753 7f0d88f47700                 Options.inplace_update_num_locks: 10000
2021/08/28-08:06:56.960756 7f0d88f47700               Options.memtable_prefix_bloom_size_ratio: 0.000000
2021/08/28-08:06:56.960761 7f0d88f47700               Options.memtable_whole_key_filtering: 0
2021/08/28-08:06:56.960765 7f0d88f47700   Options.memtable_huge_page_size: 0
2021/08/28-08:06:56.960768 7f0d88f47700                           Options.bloom_locality: 0
2021/08/28-08:06:56.960771 7f0d88f47700                    Options.max_successive_merges: 0
2021/08/28-08:06:56.960774 7f0d88f47700                Options.optimize_filters_for_hits: 0
2021/08/28-08:06:56.960777 7f0d88f47700                Options.paranoid_file_checks: 0
2021/08/28-08:06:56.960780 7f0d88f47700                Options.force_consistency_checks: 1
2021/08/28-08:06:56.960810 7f0d88f47700                Options.report_bg_io_stats: 0
2021/08/28-08:06:56.960814 7f0d88f47700                               Options.ttl: 2592000
2021/08/28-08:06:56.960818 7f0d88f47700          Options.periodic_compaction_seconds: 0
2021/08/28-08:06:56.960821 7f0d88f47700                    Options.enable_blob_files: false
2021/08/28-08:06:56.960824 7f0d88f47700                        Options.min_blob_size: 0
2021/08/28-08:06:56.960828 7f0d88f47700                       Options.blob_file_size: 268435456
2021/08/28-08:06:56.960831 7f0d88f47700                Options.blob_compression_type: NoCompression
2021/08/28-08:06:56.960834 7f0d88f47700       Options.enable_blob_garbage_collection: false
2021/08/28-08:06:56.960838 7f0d88f47700   Options.blob_garbage_collection_age_cutoff: 0.250000
2021/08/28-08:06:56.960943 7f0d88f47700 [db/db_impl/db_impl.cc:2658] Created column family [payload] (ID 1)
2021/08/28-08:06:56.982082 7f0d88f47700 [db/db_impl/db_impl_open.cc:1707] SstFileManager instance 0x7f0d543df600
2021/08/28-08:06:56.982157 7f0d88f47700 DB pointer 0x7f0d54406550
2021/08/28-08:07:38.982717 7f0d1effd700 [db/db_impl/db_impl.cc:927] ------- DUMPING STATS -------
2021/08/28-08:07:38.982931 7f0d1effd700 [db/db_impl/db_impl.cc:928] 
** DB Stats **
Uptime(secs): 42.0 total, 42.0 interval
Cumulative writes: 0 writes, 0 keys, 0 commit groups, 0.0 writes per commit group, ingest: 0.00 GB, 0.00 MB/s
Cumulative WAL: 0 writes, 0 syncs, 0.00 writes per sync, written: 0.00 GB, 0.00 MB/s
Cumulative stall: 00:00:0.000 H:M:S, 0.0 percent
Interval writes: 0 writes, 0 keys, 0 commit groups, 0.0 writes per commit group, ingest: 0.00 MB, 0.00 MB/s
Interval WAL: 0 writes, 0 syncs, 0.00 writes per sync, written: 0.00 MB, 0.00 MB/s
Interval stall: 00:00:0.000 H:M:S, 0.0 percent

** Compaction Stats [default] **
Level    Files   Size     Score Read(GB)  Rn(GB) Rnp1(GB) Write(GB) Wnew(GB) Moved(GB) W-Amp Rd(MB/s) Wr(MB/s) Comp(sec) CompMergeCPU(sec) Comp(cnt) Avg(sec) KeyIn KeyDrop
----------------------------------------------------------------------------------------------------------------------------------------------------------------------------
 Sum      0/0    0.00 KB   0.0      0.0     0.0      0.0       0.0      0.0       0.0   0.0      0.0      0.0      0.00              0.00         0    0.000       0      0
 Int      0/0    0.00 KB   0.0      0.0     0.0      0.0       0.0      0.0       0.0   0.0      0.0      0.0      0.00              0.00         0    0.000       0      0

** Compaction Stats [default] **
Priority    Files   Size     Score Read(GB)  Rn(GB) Rnp1(GB) Write(GB) Wnew(GB) Moved(GB) W-Amp Rd(MB/s) Wr(MB/s) Comp(sec) CompMergeCPU(sec) Comp(cnt) Avg(sec) KeyIn KeyDrop
-------------------------------------------------------------------------------------------------------------------------------------------------------------------------------
Uptime(secs): 42.0 total, 42.0 interval
Flush(GB): cumulative 0.000, interval 0.000
AddFile(GB): cumulative 0.000, interval 0.000
AddFile(Total Files): cumulative 0, interval 0
AddFile(L0 Files): cumulative 0, interval 0
AddFile(Keys): cumulative 0, interval 0
Cumulative compaction: 0.00 GB write, 0.00 MB/s write, 0.00 GB read, 0.00 MB/s read, 0.0 seconds
Interval compaction: 0.00 GB write, 0.00 MB/s write, 0.00 GB read, 0.00 MB/s read, 0.0 seconds
Stalls(count): 0 level0_slowdown, 0 level0_slowdown_with_compaction, 0 level0_numfiles, 0 level0_numfiles_with_compaction, 0 stop for pending_compaction_bytes, 0 slowdown for pending_compaction_bytes, 0 memtable_compaction, 0 memtable_slowdown, interval 0 total count

** File Read Latency Histogram By Level [default] **

** Compaction Stats [payload] **
Level    Files   Size     Score Read(GB)  Rn(GB) Rnp1(GB) Write(GB) Wnew(GB) Moved(GB) W-Amp Rd(MB/s) Wr(MB/s) Comp(sec) CompMergeCPU(sec) Comp(cnt) Avg(sec) KeyIn KeyDrop
----------------------------------------------------------------------------------------------------------------------------------------------------------------------------
 Sum      0/0    0.00 KB   0.0      0.0     0.0      0.0       0.0      0.0       0.0   0.0      0.0      0.0      0.00              0.00         0    0.000       0      0
 Int      0/0    0.00 KB   0.0      0.0     0.0      0.0       0.0      0.0       0.0   0.0      0.0      0.0      0.00              0.00         0    0.000       0      0

** Compaction Stats [payload] **
Priority    Files   Size     Score Read(GB)  Rn(GB) Rnp1(GB) Write(GB) Wnew(GB) Moved(GB) W-Amp Rd(MB/s) Wr(MB/s) Comp(sec) CompMergeCPU(sec) Comp(cnt) Avg(sec) KeyIn KeyDrop
-------------------------------------------------------------------------------------------------------------------------------------------------------------------------------
Uptime(secs): 42.0 total, 42.0 interval
Flush(GB): cumulative 0.000, interval 0.000
AddFile(GB): cumulative 0.000, interval 0.000
AddFile(Total Files): cumulative 0, interval 0
AddFile(L0 Files): cumulative 0, interval 0
AddFile(Keys): cumulative 0, interval 0
Cumulative compaction: 0.00 GB write, 0.00 MB/s write, 0.00 GB read, 0.00 MB/s read, 0.0 seconds
Interval compaction: 0.00 GB write, 0.00 MB/s write, 0.00 GB read, 0.00 MB/s read, 0.0 seconds
Stalls(count): 0 level0_slowdown, 0 level0_slowdown_with_compaction, 0 level0_numfiles, 0 level0_numfiles_with_compaction, 0 stop for pending_compaction_bytes, 0 slowdown for pending_compaction_bytes, 0 memtable_compaction, 0 memtable_slowdown, interval 0 total count

** File Read Latency Histogram By Level [payload] **

** Compaction Stats [default] **
Level    Files   Size     Score Read(GB)  Rn(GB) Rnp1(GB) Write(GB) Wnew(GB) Moved(GB) W-Amp Rd(MB/s) Wr(MB/s) Comp(sec) CompMergeCPU(sec) Comp(cnt) Avg(sec) KeyIn KeyDrop
----------------------------------------------------------------------------------------------------------------------------------------------------------------------------
 Sum      0/0    0.00 KB   0.0      0.0     0.0      0.0       0.0      0.0       0.0   0.0      0.0      0.0      0.00              0.00         0    0.000       0      0
 Int      0/0    0.00 KB   0.0      0.0     0.0      0.0       0.0      0.0       0.0   0.0      0.0      0.0      0.00              0.00         0    0.000       0      0

** Compaction Stats [default] **
Priority    Files   Size     Score Read(GB)  Rn(GB) Rnp1(GB) Write(GB) Wnew(GB) Moved(GB) W-Amp Rd(MB/s) Wr(MB/s) Comp(sec) CompMergeCPU(sec) Comp(cnt) Avg(sec) KeyIn KeyDrop
-------------------------------------------------------------------------------------------------------------------------------------------------------------------------------
Uptime(secs): 42.0 total, 0.0 interval
Flush(GB): cumulative 0.000, interval 0.000
AddFile(GB): cumulative 0.000, interval 0.000
AddFile(Total Files): cumulative 0, interval 0
AddFile(L0 Files): cumulative 0, interval 0
AddFile(Keys): cumulative 0, interval 0
Cumulative compaction: 0.00 GB write, 0.00 MB/s write, 0.00 GB read, 0.00 MB/s read, 0.0 seconds
Interval compaction: 0.00 GB write, 0.00 MB/s write, 0.00 GB read, 0.00 MB/s read, 0.0 seconds
Stalls(count): 0 level0_slowdown, 0 level0_slowdown_with_compaction, 0 level0_numfiles, 0 level0_numfiles_with_compaction, 0 stop for pending_compaction_bytes, 0 slowdown for pending_compaction_bytes, 0 memtable_compaction, 0 memtable_slowdown, interval 0 total count

** File Read Latency Histogram By Level [default] **

** Compaction Stats [payload] **
Level    Files   Size     Score Read(GB)  Rn(GB) Rnp1(GB) Write(GB) Wnew(GB) Moved(GB) W-Amp Rd(MB/s) Wr(MB/s) Comp(sec) CompMergeCPU(sec) Comp(cnt) Avg(sec) KeyIn KeyDrop
----------------------------------------------------------------------------------------------------------------------------------------------------------------------------
 Sum      0/0    0.00 KB   0.0      0.0     0.0      0.0       0.0      0.0       0.0   0.0      0.0      0.0      0.00              0.00         0    0.000       0      0
 Int      0/0    0.00 KB   0.0      0.0     0.0      0.0       0.0      0.0       0.0   0.0      0.0      0.0      0.00              0.00         0    0.000       0      0

** Compaction Stats [payload] **
Priority    Files   Size     Score Read(GB)  Rn(GB) Rnp1(GB) Write(GB) Wnew(GB) Moved(GB) W-Amp Rd(MB/s) Wr(MB/s) Comp(sec) CompMergeCPU(sec) Comp(cnt) Avg(sec) KeyIn KeyDrop
-------------------------------------------------------------------------------------------------------------------------------------------------------------------------------
Uptime(secs): 42.0 total, 0.0 interval
Flush(GB): cumulative 0.000, interval 0.000
AddFile(GB): cumulative 0.000, interval 0.000
AddFile(Total Files): cumulative 0, interval 0
AddFile(L0 Files): cumulative 0, interval 0
AddFile(Keys): cumulative 0, interval 0
Cumulative compaction: 0.00 GB write, 0.00 MB/s write, 0.00 GB read, 0.00 MB/s read, 0.0 seconds
Interval compaction: 0.00 GB write, 0.00 MB/s write, 0.00 GB read, 0.00 MB/s read, 0.0 seconds
Stalls(count): 0 level0_slowdown, 0 level0_slowdown_with_compaction, 0 level0_numfiles, 0 level0_numfiles_with_compaction, 0 stop for pending_compaction_bytes, 0 slowdown for pending_compaction_bytes, 0 memtable_compaction, 0 memtable_slowdown, interval 0 total count

** File Read Latency Histogram By Level [payload] **
