2021/08/28-08:06:56.630901 7f0d88f47700 RocksDB version: 6.17.3
2021/08/28-08:06:56.630970 7f0d88f47700 Git sha rocksdb_build_git_sha:@09c7e96eac1ab983f97ce9e0406730b8014b3398@
2021/08/28-08:06:56.630978 7f0d88f47700 Compile date Jul 25 2021
2021/08/28-08:06:56.631093 7f0d88f47700 DB SUMMARY
2021/08/28-08:06:56.631098 7f0d88f47700 DB Session ID:  7OOE0YMVIZGKVYOB2YLK
2021/08/28-08:06:56.631144 7f0d88f47700 SST files in ./storage/collections/test_collection/segments/d6abe781-7d25-44b5-94a1-fbb586022a57/id_mapper dir, Total Num: 0, files: 
2021/08/28-08:06:56.631151 7f0d88f47700 Write Ahead Log file in ./storage/collections/test_collection/segments/d6abe781-7d25-44b5-94a1-fbb586022a57/id_mapper: 
2021/08/28-08:06:56.631156 7f0d88f47700                         Options.error_if_exists: 0
2021/08/28-08:06:56.631160 7f0d88f47700                       Options.create_if_missing: 1
2021/08/28-08:06:56.631163 7f0d88f47700                         Options.paranoid_checks: 1
2021/08/28-08:06:56.631167 7f0d88f47700                               Options.track_and_verify_wals_in_manifest: 0
2021/08/28-08:06:56.631170 7f0d88f47700                                     Options.env: 0x55ee7d410d00
2021/08/28-08:06:56.631174 7f0d88f47700                                      Options.fs: Posix File System
2021/08/28-08:06:56.631178 7f0d88f47700                                Options.info_log: 0x7f0d542d3100
2021/08/28-08:06:56.631182 7f0d88f47700                Options.max_file_opening_threads: 16
2021/08/28-08:06:56.631185 7f0d88f47700                              Options.statistics: (nil)
2021/08/28-08:06:56.631189 7f0d88f47700                               Options.use_fsync: 0
2021/08/28-08:06:56.631192 7f0d88f47700                       Options.max_log_file_size: 0
2021/08/28-08:06:56.631195 7f0d88f47700                  Options.max_manifest_file_size: 1073741824
2021/08/28-08:06:56.631199 7f0d88f47700                   Options.log_file_time_to_roll: 0
2021/08/28-08:06:56.631202 7f0d88f47700                       Options.keep_log_file_num: 1000
2021/08/28-08:06:56.631206 7f0d88f47700                    Options.recycle_log_file_num: 0
2021/08/28-08:06:56.631244 7f0d88f47700                         Options.allow_fallocate: 1
2021/08/28-08:06:56.631248 7f0d88f47700                        Options.allow_mmap_reads: 0
2021/08/28-08:06:56.631251 7f0d88f47700                       Options.allow_mmap_writes: 0
2021/08/28-08:06:56.631254 7f0d88f47700                        Options.use_direct_reads: 0
2021/08/28-08:06:56.631257 7f0d88f47700                        Options.use_direct_io_for_flush_and_compaction: 0
2021/08/28-08:06:56.631260 7f0d88f47700          Options.create_missing_column_families: 0
2021/08/28-08:06:56.631263 7f0d88f47700                              Options.db_log_dir: 
2021/08/28-08:06:56.631266 7f0d88f47700                                 Options.wal_dir: ./storage/collections/test_collection/segments/d6abe781-7d25-44b5-94a1-fbb586022a57/id_mapper
2021/08/28-08:06:56.631270 7f0d88f47700                Options.table_cache_numshardbits: 6
2021/08/28-08:06:56.631273 7f0d88f47700                         Options.WAL_ttl_seconds: 0
2021/08/28-08:06:56.631276 7f0d88f47700                       Options.WAL_size_limit_MB: 0
2021/08/28-08:06:56.631279 7f0d88f47700                        Options.max_write_batch_group_size_bytes: 1048576
2021/08/28-08:06:56.631283 7f0d88f47700             Options.manifest_preallocation_size: 4194304
2021/08/28-08:06:56.631286 7f0d88f47700                     Options.is_fd_close_on_exec: 1
2021/08/28-08:06:56.631299 7f0d88f47700                   Options.advise_random_on_open: 1
2021/08/28-08:06:56.631302 7f0d88f47700                    Options.db_write_buffer_size: 0
2021/08/28-08:06:56.631305 7f0d88f47700                    Options.write_buffer_manager: 0x7f0d542cf520
2021/08/28-08:06:56.631309 7f0d88f47700         Options.access_hint_on_compaction_start: 1
2021/08/28-08:06:56.631312 7f0d88f47700  Options.new_table_reader_for_compaction_inputs: 0
2021/08/28-08:06:56.631324 7f0d88f47700           Options.random_access_max_buffer_size: 1048576
2021/08/28-08:06:56.631328 7f0d88f47700                      Options.use_adaptive_mutex: 0
2021/08/28-08:06:56.631379 7f0d88f47700                            Options.rate_limiter: (nil)
2021/08/28-08:06:56.631384 7f0d88f47700     Options.sst_file_manager.rate_bytes_per_sec: 0
2021/08/28-08:06:56.631387 7f0d88f47700                       Options.wal_recovery_mode: 2
2021/08/28-08:06:56.631399 7f0d88f47700                  Options.enable_thread_tracking: 0
2021/08/28-08:06:56.631402 7f0d88f47700                  Options.enable_pipelined_write: 0
2021/08/28-08:06:56.631414 7f0d88f47700                  Options.unordered_write: 0
2021/08/28-08:06:56.631417 7f0d88f47700         Options.allow_concurrent_memtable_write: 1
2021/08/28-08:06:56.631421 7f0d88f47700      Options.enable_write_thread_adaptive_yield: 1
2021/08/28-08:06:56.631424 7f0d88f47700             Options.write_thread_max_yield_usec: 100
2021/08/28-08:06:56.631427 7f0d88f47700            Options.write_thread_slow_yield_usec: 3
2021/08/28-08:06:56.631431 7f0d88f47700                               Options.row_cache: None
2021/08/28-08:06:56.631434 7f0d88f47700                              Options.wal_filter: None
2021/08/28-08:06:56.631437 7f0d88f47700             Options.avoid_flush_during_recovery: 0
2021/08/28-08:06:56.631450 7f0d88f47700             Options.allow_ingest_behind: 0
2021/08/28-08:06:56.631453 7f0d88f47700             Options.preserve_deletes: 0
2021/08/28-08:06:56.631456 7f0d88f47700             Options.two_write_queues: 0
2021/08/28-08:06:56.631459 7f0d88f47700             Options.manual_wal_flush: 0
2021/08/28-08:06:56.631462 7f0d88f47700             Options.atomic_flush: 0
2021/08/28-08:06:56.631465 7f0d88f47700             Options.avoid_unnecessary_blocking_io: 0
2021/08/28-08:06:56.631477 7f0d88f47700                 Options.persist_stats_to_disk: 0
2021/08/28-08:06:56.631480 7f0d88f47700                 Options.write_dbid_to_manifest: 0
2021/08/28-08:06:56.631484 7f0d88f47700                 Options.log_readahead_size: 0
2021/08/28-08:06:56.631487 7f0d88f47700                 Options.file_checksum_gen_factory: Unknown
2021/08/28-08:06:56.631490 7f0d88f47700                 Options.best_efforts_recovery: 0
2021/08/28-08:06:56.631493 7f0d88f47700                Options.max_bgerror_resume_count: 2147483647
2021/08/28-08:06:56.631505 7f0d88f47700            Options.bgerror_resume_retry_interval: 1000000
2021/08/28-08:06:56.631509 7f0d88f47700             Options.allow_data_in_errors: 0
2021/08/28-08:06:56.631521 7f0d88f47700             Options.db_host_id: __hostname__
2021/08/28-08:06:56.631524 7f0d88f47700             Options.max_background_jobs: 2
2021/08/28-08:06:56.631527 7f0d88f47700             Options.max_background_compactions: -1
2021/08/28-08:06:56.631531 7f0d88f47700             Options.max_subcompactions: 1
2021/08/28-08:06:56.631534 7f0d88f47700             Options.avoid_flush_during_shutdown: 0
2021/08/28-08:06:56.631537 7f0d88f47700           Options.writable_file_max_buffer_size: 1048576
2021/08/28-08:06:56.631549 7f0d88f47700             Options.delayed_write_rate : 16777216
2021/08/28-08:06:56.631553 7f0d88f47700             Options.max_total_wal_size: 0
2021/08/28-08:06:56.631556 7f0d88f47700             Options.delete_obsolete_files_period_micros: 21600000000
2021/08/28-08:06:56.631559 7f0d88f47700                   Options.stats_dump_period_sec: 600
2021/08/28-08:06:56.631563 7f0d88f47700                 Options.stats_persist_period_sec: 600
2021/08/28-08:06:56.631566 7f0d88f47700                 Options.stats_history_buffer_size: 1048576
2021/08/28-08:06:56.631578 7f0d88f47700                          Options.max_open_files: -1
2021/08/28-08:06:56.631590 7f0d88f47700                          Options.bytes_per_sync: 0
2021/08/28-08:06:56.631593 7f0d88f47700                      Options.wal_bytes_per_sync: 0
2021/08/28-08:06:56.631596 7f0d88f47700                   Options.strict_bytes_per_sync: 0
2021/08/28-08:06:56.631600 7f0d88f47700       Options.compaction_readahead_size: 0
2021/08/28-08:06:56.631603 7f0d88f47700                  Options.max_background_flushes: -1
2021/08/28-08:06:56.631640 7f0d88f47700 Compression algorithms supported:
2021/08/28-08:06:56.631645 7f0d88f47700 	kZSTDNotFinalCompression supported: 0
2021/08/28-08:06:56.631649 7f0d88f47700 	kZSTD supported: 0
2021/08/28-08:06:56.631652 7f0d88f47700 	kXpressCompression supported: 0
2021/08/28-08:06:56.631656 7f0d88f47700 	kLZ4HCCompression supported: 0
2021/08/28-08:06:56.631659 7f0d88f47700 	kLZ4Compression supported: 0
2021/08/28-08:06:56.631663 7f0d88f47700 	kBZip2Compression supported: 0
2021/08/28-08:06:56.631675 7f0d88f47700 	kZlibCompression supported: 0
2021/08/28-08:06:56.631678 7f0d88f47700 	kSnappyCompression supported: 1
2021/08/28-08:06:56.631685 7f0d88f47700 Fast CRC32 supported: Supported on x86
2021/08/28-08:06:56.636822 7f0d88f47700 [db/db_impl/db_impl_open.cc:283] Creating manifest 1 
2021/08/28-08:06:56.650458 7f0d88f47700 [db/version_set.cc:4757] Recovering from manifest file: ./storage/collections/test_collection/segments/d6abe781-7d25-44b5-94a1-fbb586022a57/id_mapper/MANIFEST-000001
2021/08/28-08:06:56.650750 7f0d88f47700 [db/column_family.cc:597] --------------- Options for column family [default]:
2021/08/28-08:06:56.650761 7f0d88f47700               Options.comparator: leveldb.BytewiseComparator
2021/08/28-08:06:56.650766 7f0d88f47700           Options.merge_operator: None
2021/08/28-08:06:56.650769 7f0d88f47700        Options.compaction_filter: None
2021/08/28-08:06:56.650773 7f0d88f47700        Options.compaction_filter_factory: None
2021/08/28-08:06:56.650776 7f0d88f47700  Options.sst_partitioner_factory: None
2021/08/28-08:06:56.650779 7f0d88f47700         Options.memtable_factory: SkipListFactory
2021/08/28-08:06:56.650783 7f0d88f47700            Options.table_factory: BlockBasedTable
2021/08/28-08:06:56.650857 7f0d88f47700            table_factory options:   flush_block_policy_factory: FlushBlockBySizePolicyFactory (0x7f0d5430ec80)
  cache_index_and_filter_blocks: 0
  cache_index_and_filter_blocks_with_high_priority: 1
  pin_l0_filter_and_index_blocks_in_cache: 0
  pin_top_level_index_and_filter: 1
  index_type: 0
  data_block_index_type: 0
  index_shortening: 1
  data_block_hash_table_util_ratio: 0.750000
  hash_index_allow_collision: 1
  checksum: 1
  no_block_cache: 0
  block_cache: 0x7f0d542b5d50
  block_cache_name: LRUCache
  block_cache_options:
    capacity : 8388608
    num_shard_bits : 4
    strict_capacity_limit : 0
    memory_allocator : None
    high_pri_pool_ratio: 0.000
  block_cache_compressed: (nil)
  persistent_cache: (nil)
  block_size: 4096
  block_size_deviation: 10
  block_restart_interval: 16
  index_block_restart_interval: 1
  metadata_block_size: 4096
  partition_filters: 0
  use_delta_encoding: 1
  filter_policy: nullptr
  whole_key_filtering: 1
  verify_compression: 0
  read_amp_bytes_per_bit: 0
  format_version: 4
  enable_index_compression: 1
  block_align: 0
2021/08/28-08:06:56.650862 7f0d88f47700        Options.write_buffer_size: 10485760
2021/08/28-08:06:56.650866 7f0d88f47700  Options.max_write_buffer_number: 2
2021/08/28-08:06:56.650870 7f0d88f47700          Options.compression: Snappy
2021/08/28-08:06:56.650873 7f0d88f47700                  Options.bottommost_compression: Disabled
2021/08/28-08:06:56.650876 7f0d88f47700       Options.prefix_extractor: nullptr
2021/08/28-08:06:56.650880 7f0d88f47700   Options.memtable_insert_with_hint_prefix_extractor: nullptr
2021/08/28-08:06:56.650883 7f0d88f47700             Options.num_levels: 7
2021/08/28-08:06:56.650886 7f0d88f47700        Options.min_write_buffer_number_to_merge: 1
2021/08/28-08:06:56.650890 7f0d88f47700     Options.max_write_buffer_number_to_maintain: 0
2021/08/28-08:06:56.650893 7f0d88f47700     Options.max_write_buffer_size_to_maintain: 0
2021/08/28-08:06:56.650896 7f0d88f47700            Options.bottommost_compression_opts.window_bits: -14
2021/08/28-08:06:56.650900 7f0d88f47700                  Options.bottommost_compression_opts.level: 32767
2021/08/28-08:06:56.650904 7f0d88f47700               Options.bottommost_compression_opts.strategy: 0
2021/08/28-08:06:56.650907 7f0d88f47700         Options.bottommost_compression_opts.max_dict_bytes: 0
2021/08/28-08:06:56.650952 7f0d88f47700         Options.bottommost_compression_opts.zstd_max_train_bytes: 0
2021/08/28-08:06:56.650957 7f0d88f47700         Options.bottommost_compression_opts.parallel_threads: 1
2021/08/28-08:06:56.650960 7f0d88f47700                  Options.bottommost_compression_opts.enabled: false
2021/08/28-08:06:56.650964 7f0d88f47700            Options.compression_opts.window_bits: -14
2021/08/28-08:06:56.650967 7f0d88f47700                  Options.compression_opts.level: 32767
2021/08/28-08:06:56.650970 7f0d88f47700               Options.compression_opts.strategy: 0
2021/08/28-08:06:56.650974 7f0d88f47700         Options.compression_opts.max_dict_bytes: 0
2021/08/28-08:06:56.650977 7f0d88f47700         Options.compression_opts.zstd_max_train_bytes: 0
2021/08/28-08:06:56.650980 7f0d88f47700         Options.compression_opts.parallel_threads: 1
2021/08/28-08:06:56.650983 7f0d88f47700                  Options.compression_opts.enabled: false
2021/08/28-08:06:56.650986 7f0d88f47700      Options.level0_file_num_compaction_trigger: 4
2021/08/28-08:06:56.650990 7f0d88f47700          Options.level0_slowdown_writes_trigger: 20
2021/08/28-08:06:56.650993 7f0d88f47700              Options.level0_stop_writes_trigger: 36
2021/08/28-08:06:56.650996 7f0d88f47700                   Options.target_file_size_base: 67108864
2021/08/28-08:06:56.651000 7f0d88f47700             Options.target_file_size_multiplier: 1
2021/08/28-08:06:56.651003 7f0d88f47700                Options.max_bytes_for_level_base: 268435456
2021/08/28-08:06:56.651007 7f0d88f47700 Options.level_compaction_dynamic_level_bytes: 0
2021/08/28-08:06:56.651010 7f0d88f47700          Options.max_bytes_for_level_multiplier: 10.000000
2021/08/28-08:06:56.651016 7f0d88f47700 Options.max_bytes_for_level_multiplier_addtl[0]: 1
2021/08/28-08:06:56.651020 7f0d88f47700 Options.max_bytes_for_level_multiplier_addtl[1]: 1
2021/08/28-08:06:56.651024 7f0d88f47700 Options.max_bytes_for_level_multiplier_addtl[2]: 1
2021/08/28-08:06:56.651027 7f0d88f47700 Options.max_bytes_for_level_multiplier_addtl[3]: 1
2021/08/28-08:06:56.651030 7f0d88f47700 Options.max_bytes_for_level_multiplier_addtl[4]: 1
2021/08/28-08:06:56.651033 7f0d88f47700 Options.max_bytes_for_level_multiplier_addtl[5]: 1
2021/08/28-08:06:56.651036 7f0d88f47700 Options.max_bytes_for_level_multiplier_addtl[6]: 1
2021/08/28-08:06:56.651040 7f0d88f47700       Options.max_sequential_skip_in_iterations: 8
2021/08/28-08:06:56.651043 7f0d88f47700                    Options.max_compaction_bytes: 1677721600
2021/08/28-08:06:56.651046 7f0d88f47700                        Options.arena_block_size: 1310720
2021/08/28-08:06:56.651050 7f0d88f47700   Options.soft_pending_compaction_bytes_limit: 68719476736
2021/08/28-08:06:56.651053 7f0d88f47700   Options.hard_pending_compaction_bytes_limit: 274877906944
2021/08/28-08:06:56.651057 7f0d88f47700       Options.rate_limit_delay_max_milliseconds: 100
2021/08/28-08:06:56.651060 7f0d88f47700                Options.disable_auto_compactions: 0
2021/08/28-08:06:56.651065 7f0d88f47700                        Options.compaction_style: kCompactionStyleLevel
2021/08/28-08:06:56.651069 7f0d88f47700                          Options.compaction_pri: kMinOverlappingRatio
2021/08/28-08:06:56.651072 7f0d88f47700 Options.compaction_options_universal.size_ratio: 1
2021/08/28-08:06:56.651076 7f0d88f47700 Options.compaction_options_universal.min_merge_width: 2
2021/08/28-08:06:56.651079 7f0d88f47700 Options.compaction_options_universal.max_merge_width: 4294967295
2021/08/28-08:06:56.651082 7f0d88f47700 Options.compaction_options_universal.max_size_amplification_percent: 200
2021/08/28-08:06:56.651086 7f0d88f47700 Options.compaction_options_universal.compression_size_percent: -1
2021/08/28-08:06:56.651090 7f0d88f47700 Options.compaction_options_universal.stop_style: kCompactionStopStyleTotalSize
2021/08/28-08:06:56.651093 7f0d88f47700 Options.compaction_options_fifo.max_table_files_size: 1073741824
2021/08/28-08:06:56.651096 7f0d88f47700 Options.compaction_options_fifo.allow_compaction: 0
2021/08/28-08:06:56.651126 7f0d88f47700                   Options.table_properties_collectors: 
2021/08/28-08:06:56.651131 7f0d88f47700                   Options.inplace_update_support: 0
2021/08/28-08:06:56.651134 7f0d88f47700                 Options.inplace_update_num_locks: 10000
2021/08/28-08:06:56.651138 7f0d88f47700               Options.memtable_prefix_bloom_size_ratio: 0.000000
2021/08/28-08:06:56.651142 7f0d88f47700               Options.memtable_whole_key_filtering: 0
2021/08/28-08:06:56.651145 7f0d88f47700   Options.memtable_huge_page_size: 0
2021/08/28-08:06:56.651149 7f0d88f47700                           Options.bloom_locality: 0
2021/08/28-08:06:56.651152 7f0d88f47700                    Options.max_successive_merges: 0
2021/08/28-08:06:56.651155 7f0d88f47700                Options.optimize_filters_for_hits: 0
2021/08/28-08:06:56.651158 7f0d88f47700                Options.paranoid_file_checks: 0
2021/08/28-08:06:56.651161 7f0d88f47700                Options.force_consistency_checks: 1
2021/08/28-08:06:56.651165 7f0d88f47700                Options.report_bg_io_stats: 0
2021/08/28-08:06:56.651168 7f0d88f47700                               Options.ttl: 2592000
2021/08/28-08:06:56.651171 7f0d88f47700          Options.periodic_compaction_seconds: 0
2021/08/28-08:06:56.651174 7f0d88f47700                    Options.enable_blob_files: false
2021/08/28-08:06:56.651177 7f0d88f47700                        Options.min_blob_size: 0
2021/08/28-08:06:56.651181 7f0d88f47700                       Options.blob_file_size: 268435456
2021/08/28-08:06:56.651184 7f0d88f47700                Options.blob_compression_type: NoCompression
2021/08/28-08:06:56.651187 7f0d88f47700       Options.enable_blob_garbage_collection: false
2021/08/28-08:06:56.651191 7f0d88f47700   Options.blob_garbage_collection_age_cutoff: 0.250000
2021/08/28-08:06:56.652499 7f0d88f47700 [db/version_set.cc:4805] Recovered from manifest file:./storage/collections/test_collection/segments/d6abe781-7d25-44b5-94a1-fbb586022a57/id_mapper/MANIFEST-000001 succeeded,manifest_file_number is 1, next_file_number is 3, last_sequence is 0, log_number is 0,prev_log_number is 0,max_column_family is 0,min_log_number_to_keep is 0
2021/08/28-08:06:56.652517 7f0d88f47700 [db/version_set.cc:4814] Column family [default] (ID 0), log number is 0
2021/08/28-08:06:56.652707 7f0d88f47700 [db/version_set.cc:4111] Creating manifest 3
2021/08/28-08:06:56.678819 7f0d88f47700 [db/db_impl/db_impl_open.cc:1707] SstFileManager instance 0x7f0d542cc9d0
2021/08/28-08:06:56.678890 7f0d88f47700 DB pointer 0x7f0d542db1c0
2021/08/28-08:07:23.679431 7f0d1effd700 [db/db_impl/db_impl.cc:927] ------- DUMPING STATS -------
2021/08/28-08:07:23.679596 7f0d1effd700 [db/db_impl/db_impl.cc:928] 
** DB Stats **
Uptime(secs): 27.0 total, 27.0 interval
Cumulative writes: 0 writes, 0 keys, 0 commit groups, 0.0 writes per commit group, ingest: 0.00 GB, 0.00 MB/s
Cumulative WAL: 0 writes, 0 syncs, 0.00 writes per sync, written: 0.00 GB, 0.00 MB/s
Cumulative stall: 00:00:0.000 H:M:S, 0.0 percent
Interval writes: 0 writes, 0 keys, 0 commit groups, 0.0 writes per commit group, ingest: 0.00 MB, 0.00 MB/s
Interval WAL: 0 writes, 0 syncs, 0.00 writes per sync, written: 0.00 MB, 0.00 MB/s
Interval stall: 00:00:0.000 H:M:S, 0.0 percent

** Compaction Stats [default] **
Level    Files   Size     Score Read(GB)  Rn(GB) Rnp1(GB) Write(GB) Wnew(GB) Moved(GB) W-Amp Rd(MB/s) Wr(MB/s) Comp(sec) CompMergeCPU(sec) Comp(cnt) Avg(sec) KeyIn KeyDrop
----------------------------------------------------------------------------------------------------------------------------------------------------------------------------
 Sum      0/0    0.00 KB   0.0      0.0     0.0      0.0       0.0      0.0       0.0   0.0      0.0      0.0      0.00              0.00         0    0.000       0      0
 Int      0/0    0.00 KB   0.0      0.0     0.0      0.0       0.0      0.0       0.0   0.0      0.0      0.0      0.00              0.00         0    0.000       0      0

** Compaction Stats [default] **
Priority    Files   Size     Score Read(GB)  Rn(GB) Rnp1(GB) Write(GB) Wnew(GB) Moved(GB) W-Amp Rd(MB/s) Wr(MB/s) Comp(sec) CompMergeCPU(sec) Comp(cnt) Avg(sec) KeyIn KeyDrop
-------------------------------------------------------------------------------------------------------------------------------------------------------------------------------
Uptime(secs): 27.0 total, 27.0 interval
Flush(GB): cumulative 0.000, interval 0.000
AddFile(GB): cumulative 0.000, interval 0.000
AddFile(Total Files): cumulative 0, interval 0
AddFile(L0 Files): cumulative 0, interval 0
AddFile(Keys): cumulative 0, interval 0
Cumulative compaction: 0.00 GB write, 0.00 MB/s write, 0.00 GB read, 0.00 MB/s read, 0.0 seconds
Interval compaction: 0.00 GB write, 0.00 MB/s write, 0.00 GB read, 0.00 MB/s read, 0.0 seconds
Stalls(count): 0 level0_slowdown, 0 level0_slowdown_with_compaction, 0 level0_numfiles, 0 level0_numfiles_with_compaction, 0 stop for pending_compaction_bytes, 0 slowdown for pending_compaction_bytes, 0 memtable_compaction, 0 memtable_slowdown, interval 0 total count

** File Read Latency Histogram By Level [default] **

** Compaction Stats [default] **
Level    Files   Size     Score Read(GB)  Rn(GB) Rnp1(GB) Write(GB) Wnew(GB) Moved(GB) W-Amp Rd(MB/s) Wr(MB/s) Comp(sec) CompMergeCPU(sec) Comp(cnt) Avg(sec) KeyIn KeyDrop
----------------------------------------------------------------------------------------------------------------------------------------------------------------------------
 Sum      0/0    0.00 KB   0.0      0.0     0.0      0.0       0.0      0.0       0.0   0.0      0.0      0.0      0.00              0.00         0    0.000       0      0
 Int      0/0    0.00 KB   0.0      0.0     0.0      0.0       0.0      0.0       0.0   0.0      0.0      0.0      0.00              0.00         0    0.000       0      0

** Compaction Stats [default] **
Priority    Files   Size     Score Read(GB)  Rn(GB) Rnp1(GB) Write(GB) Wnew(GB) Moved(GB) W-Amp Rd(MB/s) Wr(MB/s) Comp(sec) CompMergeCPU(sec) Comp(cnt) Avg(sec) KeyIn KeyDrop
-------------------------------------------------------------------------------------------------------------------------------------------------------------------------------
Uptime(secs): 27.0 total, 0.0 interval
Flush(GB): cumulative 0.000, interval 0.000
AddFile(GB): cumulative 0.000, interval 0.000
AddFile(Total Files): cumulative 0, interval 0
AddFile(L0 Files): cumulative 0, interval 0
AddFile(Keys): cumulative 0, interval 0
Cumulative compaction: 0.00 GB write, 0.00 MB/s write, 0.00 GB read, 0.00 MB/s read, 0.0 seconds
Interval compaction: 0.00 GB write, 0.00 MB/s write, 0.00 GB read, 0.00 MB/s read, 0.0 seconds
Stalls(count): 0 level0_slowdown, 0 level0_slowdown_with_compaction, 0 level0_numfiles, 0 level0_numfiles_with_compaction, 0 stop for pending_compaction_bytes, 0 slowdown for pending_compaction_bytes, 0 memtable_compaction, 0 memtable_slowdown, interval 0 total count

** File Read Latency Histogram By Level [default] **
