2021/08/28-08:06:56.870454 7f0d88f47700 RocksDB version: 6.17.3
2021/08/28-08:06:56.870513 7f0d88f47700 Git sha rocksdb_build_git_sha:@09c7e96eac1ab983f97ce9e0406730b8014b3398@
2021/08/28-08:06:56.870520 7f0d88f47700 Compile date Jul 25 2021
2021/08/28-08:06:56.870660 7f0d88f47700 DB SUMMARY
2021/08/28-08:06:56.870666 7f0d88f47700 DB Session ID:  AJW22IBEKL4FO8G6BECC
2021/08/28-08:06:56.870714 7f0d88f47700 SST files in ./storage/collections/test_collection/segments/06fd62fb-8c4d-4d99-9c32-99ea952e3516/vector_storage dir, Total Num: 0, files: 
2021/08/28-08:06:56.870720 7f0d88f47700 Write Ahead Log file in ./storage/collections/test_collection/segments/06fd62fb-8c4d-4d99-9c32-99ea952e3516/vector_storage: 
2021/08/28-08:06:56.870725 7f0d88f47700                         Options.error_if_exists: 0
2021/08/28-08:06:56.870729 7f0d88f47700                       Options.create_if_missing: 1
2021/08/28-08:06:56.870732 7f0d88f47700                         Options.paranoid_checks: 1
2021/08/28-08:06:56.870736 7f0d88f47700                               Options.track_and_verify_wals_in_manifest: 0
2021/08/28-08:06:56.870739 7f0d88f47700                                     Options.env: 0x55ee7d410d00
2021/08/28-08:06:56.870743 7f0d88f47700                                      Options.fs: Posix File System
2021/08/28-08:06:56.870747 7f0d88f47700                                Options.info_log: 0x7f0d54385150
2021/08/28-08:06:56.870750 7f0d88f47700                Options.max_file_opening_threads: 16
2021/08/28-08:06:56.870753 7f0d88f47700                              Options.statistics: (nil)
2021/08/28-08:06:56.870757 7f0d88f47700                               Options.use_fsync: 0
2021/08/28-08:06:56.870760 7f0d88f47700                       Options.max_log_file_size: 0
2021/08/28-08:06:56.870764 7f0d88f47700                  Options.max_manifest_file_size: 1073741824
2021/08/28-08:06:56.870768 7f0d88f47700                   Options.log_file_time_to_roll: 0
2021/08/28-08:06:56.870771 7f0d88f47700                       Options.keep_log_file_num: 1000
2021/08/28-08:06:56.870774 7f0d88f47700                    Options.recycle_log_file_num: 0
2021/08/28-08:06:56.870778 7f0d88f47700                         Options.allow_fallocate: 1
2021/08/28-08:06:56.870781 7f0d88f47700                        Options.allow_mmap_reads: 0
2021/08/28-08:06:56.870784 7f0d88f47700                       Options.allow_mmap_writes: 0
2021/08/28-08:06:56.870787 7f0d88f47700                        Options.use_direct_reads: 0
2021/08/28-08:06:56.870790 7f0d88f47700                        Options.use_direct_io_for_flush_and_compaction: 0
2021/08/28-08:06:56.870793 7f0d88f47700          Options.create_missing_column_families: 0
2021/08/28-08:06:56.870796 7f0d88f47700                              Options.db_log_dir: 
2021/08/28-08:06:56.870800 7f0d88f47700                                 Options.wal_dir: ./storage/collections/test_collection/segments/06fd62fb-8c4d-4d99-9c32-99ea952e3516/vector_storage
2021/08/28-08:06:56.870803 7f0d88f47700                Options.table_cache_numshardbits: 6
2021/08/28-08:06:56.870806 7f0d88f47700                         Options.WAL_ttl_seconds: 0
2021/08/28-08:06:56.870810 7f0d88f47700                       Options.WAL_size_limit_MB: 0
2021/08/28-08:06:56.870813 7f0d88f47700                        Options.max_write_batch_group_size_bytes: 1048576
2021/08/28-08:06:56.870816 7f0d88f47700             Options.manifest_preallocation_size: 4194304
2021/08/28-08:06:56.870820 7f0d88f47700                     Options.is_fd_close_on_exec: 1
2021/08/28-08:06:56.870823 7f0d88f47700                   Options.advise_random_on_open: 1
2021/08/28-08:06:56.870826 7f0d88f47700                    Options.db_write_buffer_size: 0
2021/08/28-08:06:56.870829 7f0d88f47700                    Options.write_buffer_manager: 0x7f0d5438ab00
2021/08/28-08:06:56.870833 7f0d88f47700         Options.access_hint_on_compaction_start: 1
2021/08/28-08:06:56.870836 7f0d88f47700  Options.new_table_reader_for_compaction_inputs: 0
2021/08/28-08:06:56.870839 7f0d88f47700           Options.random_access_max_buffer_size: 1048576
2021/08/28-08:06:56.870842 7f0d88f47700                      Options.use_adaptive_mutex: 0
2021/08/28-08:06:56.870884 7f0d88f47700                            Options.rate_limiter: (nil)
2021/08/28-08:06:56.870889 7f0d88f47700     Options.sst_file_manager.rate_bytes_per_sec: 0
2021/08/28-08:06:56.870892 7f0d88f47700                       Options.wal_recovery_mode: 2
2021/08/28-08:06:56.870896 7f0d88f47700                  Options.enable_thread_tracking: 0
2021/08/28-08:06:56.870899 7f0d88f47700                  Options.enable_pipelined_write: 0
2021/08/28-08:06:56.870902 7f0d88f47700                  Options.unordered_write: 0
2021/08/28-08:06:56.870905 7f0d88f47700         Options.allow_concurrent_memtable_write: 1
2021/08/28-08:06:56.870908 7f0d88f47700      Options.enable_write_thread_adaptive_yield: 1
2021/08/28-08:06:56.870912 7f0d88f47700             Options.write_thread_max_yield_usec: 100
2021/08/28-08:06:56.870915 7f0d88f47700            Options.write_thread_slow_yield_usec: 3
2021/08/28-08:06:56.870918 7f0d88f47700                               Options.row_cache: None
2021/08/28-08:06:56.870921 7f0d88f47700                              Options.wal_filter: None
2021/08/28-08:06:56.870925 7f0d88f47700             Options.avoid_flush_during_recovery: 0
2021/08/28-08:06:56.870928 7f0d88f47700             Options.allow_ingest_behind: 0
2021/08/28-08:06:56.870931 7f0d88f47700             Options.preserve_deletes: 0
2021/08/28-08:06:56.870934 7f0d88f47700             Options.two_write_queues: 0
2021/08/28-08:06:56.870937 7f0d88f47700             Options.manual_wal_flush: 0
2021/08/28-08:06:56.870941 7f0d88f47700             Options.atomic_flush: 0
2021/08/28-08:06:56.870944 7f0d88f47700             Options.avoid_unnecessary_blocking_io: 0
2021/08/28-08:06:56.870947 7f0d88f47700                 Options.persist_stats_to_disk: 0
2021/08/28-08:06:56.870950 7f0d88f47700                 Options.write_dbid_to_manifest: 0
2021/08/28-08:06:56.870953 7f0d88f47700                 Options.log_readahead_size: 0
2021/08/28-08:06:56.870956 7f0d88f47700                 Options.file_checksum_gen_factory: Unknown
2021/08/28-08:06:56.870960 7f0d88f47700                 Options.best_efforts_recovery: 0
2021/08/28-08:06:56.870963 7f0d88f47700                Options.max_bgerror_resume_count: 2147483647
2021/08/28-08:06:56.870966 7f0d88f47700            Options.bgerror_resume_retry_interval: 1000000
2021/08/28-08:06:56.870969 7f0d88f47700             Options.allow_data_in_errors: 0
2021/08/28-08:06:56.870972 7f0d88f47700             Options.db_host_id: __hostname__
2021/08/28-08:06:56.870976 7f0d88f47700             Options.max_background_jobs: 2
2021/08/28-08:06:56.870979 7f0d88f47700             Options.max_background_compactions: -1
2021/08/28-08:06:56.870982 7f0d88f47700             Options.max_subcompactions: 1
2021/08/28-08:06:56.870986 7f0d88f47700             Options.avoid_flush_during_shutdown: 0
2021/08/28-08:06:56.870989 7f0d88f47700           Options.writable_file_max_buffer_size: 1048576
2021/08/28-08:06:56.870992 7f0d88f47700             Options.delayed_write_rate : 16777216
2021/08/28-08:06:56.870995 7f0d88f47700             Options.max_total_wal_size: 0
2021/08/28-08:06:56.870999 7f0d88f47700             Options.delete_obsolete_files_period_micros: 21600000000
2021/08/28-08:06:56.871002 7f0d88f47700                   Options.stats_dump_period_sec: 600
2021/08/28-08:06:56.871005 7f0d88f47700                 Options.stats_persist_period_sec: 600
2021/08/28-08:06:56.871008 7f0d88f47700                 Options.stats_history_buffer_size: 1048576
2021/08/28-08:06:56.871012 7f0d88f47700                          Options.max_open_files: -1
2021/08/28-08:06:56.871015 7f0d88f47700                          Options.bytes_per_sync: 0
2021/08/28-08:06:56.871018 7f0d88f47700                      Options.wal_bytes_per_sync: 0
2021/08/28-08:06:56.871021 7f0d88f47700                   Options.strict_bytes_per_sync: 0
2021/08/28-08:06:56.871024 7f0d88f47700       Options.compaction_readahead_size: 0
2021/08/28-08:06:56.871027 7f0d88f47700                  Options.max_background_flushes: -1
2021/08/28-08:06:56.871046 7f0d88f47700 Compression algorithms supported:
2021/08/28-08:06:56.871050 7f0d88f47700 	kZSTDNotFinalCompression supported: 0
2021/08/28-08:06:56.871054 7f0d88f47700 	kZSTD supported: 0
2021/08/28-08:06:56.871058 7f0d88f47700 	kXpressCompression supported: 0
2021/08/28-08:06:56.871062 7f0d88f47700 	kLZ4HCCompression supported: 0
2021/08/28-08:06:56.871065 7f0d88f47700 	kLZ4Compression supported: 0
2021/08/28-08:06:56.871069 7f0d88f47700 	kBZip2Compression supported: 0
2021/08/28-08:06:56.871072 7f0d88f47700 	kZlibCompression supported: 0
2021/08/28-08:06:56.871075 7f0d88f47700 	kSnappyCompression supported: 1
2021/08/28-08:06:56.871081 7f0d88f47700 Fast CRC32 supported: Supported on x86
2021/08/28-08:06:56.876531 7f0d88f47700 [db/db_impl/db_impl_open.cc:283] Creating manifest 1 
2021/08/28-08:06:56.890876 7f0d88f47700 [db/version_set.cc:4757] Recovering from manifest file: ./storage/collections/test_collection/segments/06fd62fb-8c4d-4d99-9c32-99ea952e3516/vector_storage/MANIFEST-000001
2021/08/28-08:06:56.891200 7f0d88f47700 [db/column_family.cc:597] --------------- Options for column family [default]:
2021/08/28-08:06:56.891211 7f0d88f47700               Options.comparator: leveldb.BytewiseComparator
2021/08/28-08:06:56.891216 7f0d88f47700           Options.merge_operator: None
2021/08/28-08:06:56.891219 7f0d88f47700        Options.compaction_filter: None
2021/08/28-08:06:56.891223 7f0d88f47700        Options.compaction_filter_factory: None
2021/08/28-08:06:56.891226 7f0d88f47700  Options.sst_partitioner_factory: None
2021/08/28-08:06:56.891229 7f0d88f47700         Options.memtable_factory: SkipListFactory
2021/08/28-08:06:56.891233 7f0d88f47700            Options.table_factory: BlockBasedTable
2021/08/28-08:06:56.891325 7f0d88f47700            table_factory options:   flush_block_policy_factory: FlushBlockBySizePolicyFactory (0x7f0d54383570)
  cache_index_and_filter_blocks: 0
  cache_index_and_filter_blocks_with_high_priority: 1
  pin_l0_filter_and_index_blocks_in_cache: 0
  pin_top_level_index_and_filter: 1
  index_type: 0
  data_block_index_type: 0
  index_shortening: 1
  data_block_hash_table_util_ratio: 0.750000
  hash_index_allow_collision: 1
  checksum: 1
  no_block_cache: 0
  block_cache: 0x7f0d543578d0
  block_cache_name: LRUCache
  block_cache_options:
    capacity : 8388608
    num_shard_bits : 4
    strict_capacity_limit : 0
    memory_allocator : None
    high_pri_pool_ratio: 0.000
  block_cache_compressed: (nil)
  persistent_cache: (nil)
  block_size: 4096
  block_size_deviation: 10
  block_restart_interval: 16
  index_block_restart_interval: 1
  metadata_block_size: 4096
  partition_filters: 0
  use_delta_encoding: 1
  filter_policy: nullptr
  whole_key_filtering: 1
  verify_compression: 0
  read_amp_bytes_per_bit: 0
  format_version: 4
  enable_index_compression: 1
  block_align: 0
2021/08/28-08:06:56.891330 7f0d88f47700        Options.write_buffer_size: 10485760
2021/08/28-08:06:56.891334 7f0d88f47700  Options.max_write_buffer_number: 2
2021/08/28-08:06:56.891337 7f0d88f47700          Options.compression: Snappy
2021/08/28-08:06:56.891341 7f0d88f47700                  Options.bottommost_compression: Disabled
2021/08/28-08:06:56.891344 7f0d88f47700       Options.prefix_extractor: nullptr
2021/08/28-08:06:56.891347 7f0d88f47700   Options.memtable_insert_with_hint_prefix_extractor: nullptr
2021/08/28-08:06:56.891351 7f0d88f47700             Options.num_levels: 7
2021/08/28-08:06:56.891354 7f0d88f47700        Options.min_write_buffer_number_to_merge: 1
2021/08/28-08:06:56.891357 7f0d88f47700     Options.max_write_buffer_number_to_maintain: 0
2021/08/28-08:06:56.891361 7f0d88f47700     Options.max_write_buffer_size_to_maintain: 0
2021/08/28-08:06:56.891364 7f0d88f47700            Options.bottommost_compression_opts.window_bits: -14
2021/08/28-08:06:56.891367 7f0d88f47700                  Options.bottommost_compression_opts.level: 32767
2021/08/28-08:06:56.891371 7f0d88f47700               Options.bottommost_compression_opts.strategy: 0
2021/08/28-08:06:56.891374 7f0d88f47700         Options.bottommost_compression_opts.max_dict_bytes: 0
2021/08/28-08:06:56.891424 7f0d88f47700         Options.bottommost_compression_opts.zstd_max_train_bytes: 0
2021/08/28-08:06:56.891429 7f0d88f47700         Options.bottommost_compression_opts.parallel_threads: 1
2021/08/28-08:06:56.891433 7f0d88f47700                  Options.bottommost_compression_opts.enabled: false
2021/08/28-08:06:56.891436 7f0d88f47700            Options.compression_opts.window_bits: -14
2021/08/28-08:06:56.891439 7f0d88f47700                  Options.compression_opts.level: 32767
2021/08/28-08:06:56.891443 7f0d88f47700               Options.compression_opts.strategy: 0
2021/08/28-08:06:56.891446 7f0d88f47700         Options.compression_opts.max_dict_bytes: 0
2021/08/28-08:06:56.891449 7f0d88f47700         Options.compression_opts.zstd_max_train_bytes: 0
2021/08/28-08:06:56.891452 7f0d88f47700         Options.compression_opts.parallel_threads: 1
2021/08/28-08:06:56.891455 7f0d88f47700                  Options.compression_opts.enabled: false
2021/08/28-08:06:56.891459 7f0d88f47700      Options.level0_file_num_compaction_trigger: 4
2021/08/28-08:06:56.891462 7f0d88f47700          Options.level0_slowdown_writes_trigger: 20
2021/08/28-08:06:56.891465 7f0d88f47700              Options.level0_stop_writes_trigger: 36
2021/08/28-08:06:56.891468 7f0d88f47700                   Options.target_file_size_base: 67108864
2021/08/28-08:06:56.891472 7f0d88f47700             Options.target_file_size_multiplier: 1
2021/08/28-08:06:56.891475 7f0d88f47700                Options.max_bytes_for_level_base: 268435456
2021/08/28-08:06:56.891479 7f0d88f47700 Options.level_compaction_dynamic_level_bytes: 0
2021/08/28-08:06:56.891482 7f0d88f47700          Options.max_bytes_for_level_multiplier: 10.000000
2021/08/28-08:06:56.891488 7f0d88f47700 Options.max_bytes_for_level_multiplier_addtl[0]: 1
2021/08/28-08:06:56.891492 7f0d88f47700 Options.max_bytes_for_level_multiplier_addtl[1]: 1
2021/08/28-08:06:56.891495 7f0d88f47700 Options.max_bytes_for_level_multiplier_addtl[2]: 1
2021/08/28-08:06:56.891499 7f0d88f47700 Options.max_bytes_for_level_multiplier_addtl[3]: 1
2021/08/28-08:06:56.891502 7f0d88f47700 Options.max_bytes_for_level_multiplier_addtl[4]: 1
2021/08/28-08:06:56.891505 7f0d88f47700 Options.max_bytes_for_level_multiplier_addtl[5]: 1
2021/08/28-08:06:56.891508 7f0d88f47700 Options.max_bytes_for_level_multiplier_addtl[6]: 1
2021/08/28-08:06:56.891511 7f0d88f47700       Options.max_sequential_skip_in_iterations: 8
2021/08/28-08:06:56.891515 7f0d88f47700                    Options.max_compaction_bytes: 1677721600
2021/08/28-08:06:56.891518 7f0d88f47700                        Options.arena_block_size: 1310720
2021/08/28-08:06:56.891522 7f0d88f47700   Options.soft_pending_compaction_bytes_limit: 68719476736
2021/08/28-08:06:56.891525 7f0d88f47700   Options.hard_pending_compaction_bytes_limit: 274877906944
2021/08/28-08:06:56.891528 7f0d88f47700       Options.rate_limit_delay_max_milliseconds: 100
2021/08/28-08:06:56.891532 7f0d88f47700                Options.disable_auto_compactions: 0
2021/08/28-08:06:56.891537 7f0d88f47700                        Options.compaction_style: kCompactionStyleLevel
2021/08/28-08:06:56.891541 7f0d88f47700                          Options.compaction_pri: kMinOverlappingRatio
2021/08/28-08:06:56.891545 7f0d88f47700 Options.compaction_options_universal.size_ratio: 1
2021/08/28-08:06:56.891548 7f0d88f47700 Options.compaction_options_universal.min_merge_width: 2
2021/08/28-08:06:56.891551 7f0d88f47700 Options.compaction_options_universal.max_merge_width: 4294967295
2021/08/28-08:06:56.891554 7f0d88f47700 Options.compaction_options_universal.max_size_amplification_percent: 200
2021/08/28-08:06:56.891557 7f0d88f47700 Options.compaction_options_universal.compression_size_percent: -1
2021/08/28-08:06:56.891561 7f0d88f47700 Options.compaction_options_universal.stop_style: kCompactionStopStyleTotalSize
2021/08/28-08:06:56.891565 7f0d88f47700 Options.compaction_options_fifo.max_table_files_size: 1073741824
2021/08/28-08:06:56.891568 7f0d88f47700 Options.compaction_options_fifo.allow_compaction: 0
2021/08/28-08:06:56.891598 7f0d88f47700                   Options.table_properties_collectors: 
2021/08/28-08:06:56.891603 7f0d88f47700                   Options.inplace_update_support: 0
2021/08/28-08:06:56.891606 7f0d88f47700                 Options.inplace_update_num_locks: 10000
2021/08/28-08:06:56.891609 7f0d88f47700               Options.memtable_prefix_bloom_size_ratio: 0.000000
2021/08/28-08:06:56.891614 7f0d88f47700               Options.memtable_whole_key_filtering: 0
2021/08/28-08:06:56.891617 7f0d88f47700   Options.memtable_huge_page_size: 0
2021/08/28-08:06:56.891621 7f0d88f47700                           Options.bloom_locality: 0
2021/08/28-08:06:56.891624 7f0d88f47700                    Options.max_successive_merges: 0
2021/08/28-08:06:56.891627 7f0d88f47700                Options.optimize_filters_for_hits: 0
2021/08/28-08:06:56.891630 7f0d88f47700                Options.paranoid_file_checks: 0
2021/08/28-08:06:56.891633 7f0d88f47700                Options.force_consistency_checks: 1
2021/08/28-08:06:56.891637 7f0d88f47700                Options.report_bg_io_stats: 0
2021/08/28-08:06:56.891640 7f0d88f47700                               Options.ttl: 2592000
2021/08/28-08:06:56.891643 7f0d88f47700          Options.periodic_compaction_seconds: 0
2021/08/28-08:06:56.891646 7f0d88f47700                    Options.enable_blob_files: false
2021/08/28-08:06:56.891649 7f0d88f47700                        Options.min_blob_size: 0
2021/08/28-08:06:56.891653 7f0d88f47700                       Options.blob_file_size: 268435456
2021/08/28-08:06:56.891656 7f0d88f47700                Options.blob_compression_type: NoCompression
2021/08/28-08:06:56.891659 7f0d88f47700       Options.enable_blob_garbage_collection: false
2021/08/28-08:06:56.891663 7f0d88f47700   Options.blob_garbage_collection_age_cutoff: 0.250000
2021/08/28-08:06:56.893795 7f0d88f47700 [db/version_set.cc:4805] Recovered from manifest file:./storage/collections/test_collection/segments/06fd62fb-8c4d-4d99-9c32-99ea952e3516/vector_storage/MANIFEST-000001 succeeded,manifest_file_number is 1, next_file_number is 3, last_sequence is 0, log_number is 0,prev_log_number is 0,max_column_family is 0,min_log_number_to_keep is 0
2021/08/28-08:06:56.893821 7f0d88f47700 [db/version_set.cc:4814] Column family [default] (ID 0), log number is 0
2021/08/28-08:06:56.894042 7f0d88f47700 [db/version_set.cc:4111] Creating manifest 3
2021/08/28-08:06:56.919397 7f0d88f47700 [db/db_impl/db_impl_open.cc:1707] SstFileManager instance 0x7f0d543c5940
2021/08/28-08:06:56.919463 7f0d88f47700 DB pointer 0x7f0d54381760
2021/08/28-08:07:35.919792 7f0d1effd700 [db/db_impl/db_impl.cc:927] ------- DUMPING STATS -------
2021/08/28-08:07:35.919850 7f0d1effd700 [db/db_impl/db_impl.cc:928] 
** DB Stats **
Uptime(secs): 39.0 total, 39.0 interval
Cumulative writes: 0 writes, 0 keys, 0 commit groups, 0.0 writes per commit group, ingest: 0.00 GB, 0.00 MB/s
Cumulative WAL: 0 writes, 0 syncs, 0.00 writes per sync, written: 0.00 GB, 0.00 MB/s
Cumulative stall: 00:00:0.000 H:M:S, 0.0 percent
Interval writes: 0 writes, 0 keys, 0 commit groups, 0.0 writes per commit group, ingest: 0.00 MB, 0.00 MB/s
Interval WAL: 0 writes, 0 syncs, 0.00 writes per sync, written: 0.00 MB, 0.00 MB/s
Interval stall: 00:00:0.000 H:M:S, 0.0 percent

** Compaction Stats [default] **
Level    Files   Size     Score Read(GB)  Rn(GB) Rnp1(GB) Write(GB) Wnew(GB) Moved(GB) W-Amp Rd(MB/s) Wr(MB/s) Comp(sec) CompMergeCPU(sec) Comp(cnt) Avg(sec) KeyIn KeyDrop
----------------------------------------------------------------------------------------------------------------------------------------------------------------------------
 Sum      0/0    0.00 KB   0.0      0.0     0.0      0.0       0.0      0.0       0.0   0.0      0.0      0.0      0.00              0.00         0    0.000       0      0
 Int      0/0    0.00 KB   0.0      0.0     0.0      0.0       0.0      0.0       0.0   0.0      0.0      0.0      0.00              0.00         0    0.000       0      0

** Compaction Stats [default] **
Priority    Files   Size     Score Read(GB)  Rn(GB) Rnp1(GB) Write(GB) Wnew(GB) Moved(GB) W-Amp Rd(MB/s) Wr(MB/s) Comp(sec) CompMergeCPU(sec) Comp(cnt) Avg(sec) KeyIn KeyDrop
-------------------------------------------------------------------------------------------------------------------------------------------------------------------------------
Uptime(secs): 39.0 total, 39.0 interval
Flush(GB): cumulative 0.000, interval 0.000
AddFile(GB): cumulative 0.000, interval 0.000
AddFile(Total Files): cumulative 0, interval 0
AddFile(L0 Files): cumulative 0, interval 0
AddFile(Keys): cumulative 0, interval 0
Cumulative compaction: 0.00 GB write, 0.00 MB/s write, 0.00 GB read, 0.00 MB/s read, 0.0 seconds
Interval compaction: 0.00 GB write, 0.00 MB/s write, 0.00 GB read, 0.00 MB/s read, 0.0 seconds
Stalls(count): 0 level0_slowdown, 0 level0_slowdown_with_compaction, 0 level0_numfiles, 0 level0_numfiles_with_compaction, 0 stop for pending_compaction_bytes, 0 slowdown for pending_compaction_bytes, 0 memtable_compaction, 0 memtable_slowdown, interval 0 total count

** File Read Latency Histogram By Level [default] **

** Compaction Stats [default] **
Level    Files   Size     Score Read(GB)  Rn(GB) Rnp1(GB) Write(GB) Wnew(GB) Moved(GB) W-Amp Rd(MB/s) Wr(MB/s) Comp(sec) CompMergeCPU(sec) Comp(cnt) Avg(sec) KeyIn KeyDrop
----------------------------------------------------------------------------------------------------------------------------------------------------------------------------
 Sum      0/0    0.00 KB   0.0      0.0     0.0      0.0       0.0      0.0       0.0   0.0      0.0      0.0      0.00              0.00         0    0.000       0      0
 Int      0/0    0.00 KB   0.0      0.0     0.0      0.0       0.0      0.0       0.0   0.0      0.0      0.0      0.00              0.00         0    0.000       0      0

** Compaction Stats [default] **
Priority    Files   Size     Score Read(GB)  Rn(GB) Rnp1(GB) Write(GB) Wnew(GB) Moved(GB) W-Amp Rd(MB/s) Wr(MB/s) Comp(sec) CompMergeCPU(sec) Comp(cnt) Avg(sec) KeyIn KeyDrop
-------------------------------------------------------------------------------------------------------------------------------------------------------------------------------
Uptime(secs): 39.0 total, 0.0 interval
Flush(GB): cumulative 0.000, interval 0.000
AddFile(GB): cumulative 0.000, interval 0.000
AddFile(Total Files): cumulative 0, interval 0
AddFile(L0 Files): cumulative 0, interval 0
AddFile(Keys): cumulative 0, interval 0
Cumulative compaction: 0.00 GB write, 0.00 MB/s write, 0.00 GB read, 0.00 MB/s read, 0.0 seconds
Interval compaction: 0.00 GB write, 0.00 MB/s write, 0.00 GB read, 0.00 MB/s read, 0.0 seconds
Stalls(count): 0 level0_slowdown, 0 level0_slowdown_with_compaction, 0 level0_numfiles, 0 level0_numfiles_with_compaction, 0 stop for pending_compaction_bytes, 0 slowdown for pending_compaction_bytes, 0 memtable_compaction, 0 memtable_slowdown, interval 0 total count

** File Read Latency Histogram By Level [default] **
