2021/08/28-08:06:56.547249 7f0d88f47700 RocksDB version: 6.17.3
2021/08/28-08:06:56.547308 7f0d88f47700 Git sha rocksdb_build_git_sha:@09c7e96eac1ab983f97ce9e0406730b8014b3398@
2021/08/28-08:06:56.547315 7f0d88f47700 Compile date Jul 25 2021
2021/08/28-08:06:56.547434 7f0d88f47700 DB SUMMARY
2021/08/28-08:06:56.547440 7f0d88f47700 DB Session ID:  43GA09YXPZ45FIJRZTM4
2021/08/28-08:06:56.547483 7f0d88f47700 SST files in ./storage/collections/test_collection/segments/bc9749c9-0533-43f9-9348-763b9263b496/payload_storage dir, Total Num: 0, files: 
2021/08/28-08:06:56.547489 7f0d88f47700 Write Ahead Log file in ./storage/collections/test_collection/segments/bc9749c9-0533-43f9-9348-763b9263b496/payload_storage: 
2021/08/28-08:06:56.547494 7f0d88f47700                         Options.error_if_exists: 0
2021/08/28-08:06:56.547498 7f0d88f47700                       Options.create_if_missing: 1
2021/08/28-08:06:56.547501 7f0d88f47700                         Options.paranoid_checks: 1
2021/08/28-08:06:56.547505 7f0d88f47700                               Options.track_and_verify_wals_in_manifest: 0
2021/08/28-08:06:56.547508 7f0d88f47700                                     Options.env: 0x55ee7d410d00
2021/08/28-08:06:56.547512 7f0d88f47700                                      Options.fs: Posix File System
2021/08/28-08:06:56.547515 7f0d88f47700                                Options.info_log: 0x7f0d54252150
2021/08/28-08:06:56.547519 7f0d88f47700                Options.max_file_opening_threads: 16
2021/08/28-08:06:56.547522 7f0d88f47700                              Options.statistics: (nil)
2021/08/28-08:06:56.547526 7f0d88f47700                               Options.use_fsync: 0
2021/08/28-08:06:56.547529 7f0d88f47700                       Options.max_log_file_size: 0
2021/08/28-08:06:56.547533 7f0d88f47700                  Options.max_manifest_file_size: 1073741824
2021/08/28-08:06:56.547536 7f0d88f47700                   Options.log_file_time_to_roll: 0
2021/08/28-08:06:56.547539 7f0d88f47700                       Options.keep_log_file_num: 1000
2021/08/28-08:06:56.547543 7f0d88f47700                    Options.recycle_log_file_num: 0
2021/08/28-08:06:56.547546 7f0d88f47700                         Options.allow_fallocate: 1
2021/08/28-08:06:56.547549 7f0d88f47700                        Options.allow_mmap_reads: 0
2021/08/28-08:06:56.547552 7f0d88f47700                       Options.allow_mmap_writes: 0
2021/08/28-08:06:56.547555 7f0d88f47700                        Options.use_direct_reads: 0
2021/08/28-08:06:56.547559 7f0d88f47700                        Options.use_direct_io_for_flush_and_compaction: 0
2021/08/28-08:06:56.547562 7f0d88f47700          Options.create_missing_column_families: 1
2021/08/28-08:06:56.547565 7f0d88f47700                              Options.db_log_dir: 
2021/08/28-08:06:56.547568 7f0d88f47700                                 Options.wal_dir: ./storage/collections/test_collection/segments/bc9749c9-0533-43f9-9348-763b9263b496/payload_storage
2021/08/28-08:06:56.547571 7f0d88f47700                Options.table_cache_numshardbits: 6
2021/08/28-08:06:56.547575 7f0d88f47700                         Options.WAL_ttl_seconds: 0
2021/08/28-08:06:56.547578 7f0d88f47700                       Options.WAL_size_limit_MB: 0
2021/08/28-08:06:56.547581 7f0d88f47700                        Options.max_write_batch_group_size_bytes: 1048576
2021/08/28-08:06:56.547585 7f0d88f47700             Options.manifest_preallocation_size: 4194304
2021/08/28-08:06:56.547588 7f0d88f47700                     Options.is_fd_close_on_exec: 1
2021/08/28-08:06:56.547591 7f0d88f47700                   Options.advise_random_on_open: 1
2021/08/28-08:06:56.547595 7f0d88f47700                    Options.db_write_buffer_size: 0
2021/08/28-08:06:56.547598 7f0d88f47700                    Options.write_buffer_manager: 0x7f0d5427a5d0
2021/08/28-08:06:56.547601 7f0d88f47700         Options.access_hint_on_compaction_start: 1
2021/08/28-08:06:56.547604 7f0d88f47700  Options.new_table_reader_for_compaction_inputs: 0
2021/08/28-08:06:56.547608 7f0d88f47700           Options.random_access_max_buffer_size: 1048576
2021/08/28-08:06:56.547611 7f0d88f47700                      Options.use_adaptive_mutex: 0
2021/08/28-08:06:56.547643 7f0d88f47700                            Options.rate_limiter: (nil)
2021/08/28-08:06:56.547648 7f0d88f47700     Options.sst_file_manager.rate_bytes_per_sec: 0
2021/08/28-08:06:56.547651 7f0d88f47700                       Options.wal_recovery_mode: 2
2021/08/28-08:06:56.547655 7f0d88f47700                  Options.enable_thread_tracking: 0
2021/08/28-08:06:56.547658 7f0d88f47700                  Options.enable_pipelined_write: 0
2021/08/28-08:06:56.547661 7f0d88f47700                  Options.unordered_write: 0
2021/08/28-08:06:56.547664 7f0d88f47700         Options.allow_concurrent_memtable_write: 1
2021/08/28-08:06:56.547667 7f0d88f47700      Options.enable_write_thread_adaptive_yield: 1
2021/08/28-08:06:56.547670 7f0d88f47700             Options.write_thread_max_yield_usec: 100
2021/08/28-08:06:56.547674 7f0d88f47700            Options.write_thread_slow_yield_usec: 3
2021/08/28-08:06:56.547677 7f0d88f47700                               Options.row_cache: None
2021/08/28-08:06:56.547680 7f0d88f47700                              Options.wal_filter: None
2021/08/28-08:06:56.547684 7f0d88f47700             Options.avoid_flush_during_recovery: 0
2021/08/28-08:06:56.547687 7f0d88f47700             Options.allow_ingest_behind: 0
2021/08/28-08:06:56.547690 7f0d88f47700             Options.preserve_deletes: 0
2021/08/28-08:06:56.547693 7f0d88f47700             Options.two_write_queues: 0
2021/08/28-08:06:56.547696 7f0d88f47700             Options.manual_wal_flush: 0
2021/08/28-08:06:56.547700 7f0d88f47700             Options.atomic_flush: 0
2021/08/28-08:06:56.547703 7f0d88f47700             Options.avoid_unnecessary_blocking_io: 0
2021/08/28-08:06:56.547706 7f0d88f47700                 Options.persist_stats_to_disk: 0
2021/08/28-08:06:56.547709 7f0d88f47700                 Options.write_dbid_to_manifest: 0
2021/08/28-08:06:56.547712 7f0d88f47700                 Options.log_readahead_size: 0
2021/08/28-08:06:56.547715 7f0d88f47700                 Options.file_checksum_gen_factory: Unknown
2021/08/28-08:06:56.547719 7f0d88f47700                 Options.best_efforts_recovery: 0
2021/08/28-08:06:56.547722 7f0d88f47700                Options.max_bgerror_resume_count: 2147483647
2021/08/28-08:06:56.547725 7f0d88f47700            Options.bgerror_resume_retry_interval: 1000000
2021/08/28-08:06:56.547729 7f0d88f47700             Options.allow_data_in_errors: 0
2021/08/28-08:06:56.547732 7f0d88f47700             Options.db_host_id: __hostname__
2021/08/28-08:06:56.547735 7f0d88f47700             Options.max_background_jobs: 2
2021/08/28-08:06:56.547738 7f0d88f47700             Options.max_background_compactions: -1
2021/08/28-08:06:56.547742 7f0d88f47700             Options.max_subcompactions: 1
2021/08/28-08:06:56.547745 7f0d88f47700             Options.avoid_flush_during_shutdown: 0
2021/08/28-08:06:56.547748 7f0d88f47700           Options.writable_file_max_buffer_size: 1048576
2021/08/28-08:06:56.547751 7f0d88f47700             Options.delayed_write_rate : 16777216
2021/08/28-08:06:56.547754 7f0d88f47700             Options.max_total_wal_size: 0
2021/08/28-08:06:56.547758 7f0d88f47700             Options.delete_obsolete_files_period_micros: 21600000000
2021/08/28-08:06:56.547761 7f0d88f47700                   Options.stats_dump_period_sec: 600
2021/08/28-08:06:56.547764 7f0d88f47700                 Options.stats_persist_period_sec: 600
2021/08/28-08:06:56.547767 7f0d88f47700                 Options.stats_history_buffer_size: 1048576
2021/08/28-08:06:56.547771 7f0d88f47700                          Options.max_open_files: -1
2021/08/28-08:06:56.547774 7f0d88f47700                          Options.bytes_per_sync: 0
2021/08/28-08:06:56.547777 7f0d88f47700                      Options.wal_bytes_per_sync: 0
2021/08/28-08:06:56.547780 7f0d88f47700                   Options.strict_bytes_per_sync: 0
2021/08/28-08:06:56.547783 7f0d88f47700       Options.compaction_readahead_size: 0
2021/08/28-08:06:56.547787 7f0d88f47700                  Options.max_background_flushes: -1
2021/08/28-08:06:56.547807 7f0d88f47700 Compression algorithms supported:
2021/08/28-08:06:56.547811 7f0d88f47700 	kZSTDNotFinalCompression supported: 0
2021/08/28-08:06:56.547816 7f0d88f47700 	kZSTD supported: 0
2021/08/28-08:06:56.547819 7f0d88f47700 	kXpressCompression supported: 0
2021/08/28-08:06:56.547823 7f0d88f47700 	kLZ4HCCompression supported: 0
2021/08/28-08:06:56.547826 7f0d88f47700 	kLZ4Compression supported: 0
2021/08/28-08:06:56.547829 7f0d88f47700 	kBZip2Compression supported: 0
2021/08/28-08:06:56.547833 7f0d88f47700 	kZlibCompression supported: 0
2021/08/28-08:06:56.547836 7f0d88f47700 	kSnappyCompression supported: 1
2021/08/28-08:06:56.547842 7f0d88f47700 Fast CRC32 supported: Supported on x86
2021/08/28-08:06:56.553124 7f0d88f47700 [db/db_impl/db_impl_open.cc:283] Creating manifest 1 
2021/08/28-08:06:56.567456 7f0d88f47700 [db/version_set.cc:4757] Recovering from manifest file: ./storage/collections/test_collection/segments/bc9749c9-0533-43f9-9348-763b9263b496/payload_storage/MANIFEST-000001
2021/08/28-08:06:56.567790 7f0d88f47700 [db/column_family.cc:597] --------------- Options for column family [default]:
2021/08/28-08:06:56.567801 7f0d88f47700               Options.comparator: leveldb.BytewiseComparator
2021/08/28-08:06:56.567806 7f0d88f47700           Options.merge_operator: None
2021/08/28-08:06:56.567809 7f0d88f47700        Options.compaction_filter: None
2021/08/28-08:06:56.567813 7f0d88f47700        Options.compaction_filter_factory: None
2021/08/28-08:06:56.567816 7f0d88f47700  Options.sst_partitioner_factory: None
2021/08/28-08:06:56.567819 7f0d88f47700         Options.memtable_factory: SkipListFactory
2021/08/28-08:06:56.567823 7f0d88f47700            Options.table_factory: BlockBasedTable
2021/08/28-08:06:56.567897 7f0d88f47700            table_factory options:   flush_block_policy_factory: FlushBlockBySizePolicyFactory (0x7f0d5430b820)
  cache_index_and_filter_blocks: 0
  cache_index_and_filter_blocks_with_high_priority: 1
  pin_l0_filter_and_index_blocks_in_cache: 0
  pin_top_level_index_and_filter: 1
  index_type: 0
  data_block_index_type: 0
  index_shortening: 1
  data_block_hash_table_util_ratio: 0.750000
  hash_index_allow_collision: 1
  checksum: 1
  no_block_cache: 0
  block_cache: 0x7f0d5430b870
  block_cache_name: LRUCache
  block_cache_options:
    capacity : 8388608
    num_shard_bits : 4
    strict_capacity_limit : 0
    memory_allocator : None
    high_pri_pool_ratio: 0.000
  block_cache_compressed: (nil)
  persistent_cache: (nil)
  block_size: 4096
  block_size_deviation: 10
  block_restart_interval: 16
  index_block_restart_interval: 1
  metadata_block_size: 4096
  partition_filters: 0
  use_delta_encoding: 1
  filter_policy: nullptr
  whole_key_filtering: 1
  verify_compression: 0
  read_amp_bytes_per_bit: 0
  format_version: 4
  enable_index_compression: 1
  block_align: 0
2021/08/28-08:06:56.567902 7f0d88f47700        Options.write_buffer_size: 67108864
2021/08/28-08:06:56.567906 7f0d88f47700  Options.max_write_buffer_number: 2
2021/08/28-08:06:56.567910 7f0d88f47700          Options.compression: Snappy
2021/08/28-08:06:56.567913 7f0d88f47700                  Options.bottommost_compression: Disabled
2021/08/28-08:06:56.567917 7f0d88f47700       Options.prefix_extractor: nullptr
2021/08/28-08:06:56.567920 7f0d88f47700   Options.memtable_insert_with_hint_prefix_extractor: nullptr
2021/08/28-08:06:56.567923 7f0d88f47700             Options.num_levels: 7
2021/08/28-08:06:56.567926 7f0d88f47700        Options.min_write_buffer_number_to_merge: 1
2021/08/28-08:06:56.567930 7f0d88f47700     Options.max_write_buffer_number_to_maintain: 0
2021/08/28-08:06:56.567933 7f0d88f47700     Options.max_write_buffer_size_to_maintain: 0
2021/08/28-08:06:56.567936 7f0d88f47700            Options.bottommost_compression_opts.window_bits: -14
2021/08/28-08:06:56.567939 7f0d88f47700                  Options.bottommost_compression_opts.level: 32767
2021/08/28-08:06:56.567943 7f0d88f47700               Options.bottommost_compression_opts.strategy: 0
2021/08/28-08:06:56.567946 7f0d88f47700         Options.bottommost_compression_opts.max_dict_bytes: 0
2021/08/28-08:06:56.567997 7f0d88f47700         Options.bottommost_compression_opts.zstd_max_train_bytes: 0
2021/08/28-08:06:56.568002 7f0d88f47700         Options.bottommost_compression_opts.parallel_threads: 1
2021/08/28-08:06:56.568005 7f0d88f47700                  Options.bottommost_compression_opts.enabled: false
2021/08/28-08:06:56.568009 7f0d88f47700            Options.compression_opts.window_bits: -14
2021/08/28-08:06:56.568012 7f0d88f47700                  Options.compression_opts.level: 32767
2021/08/28-08:06:56.568016 7f0d88f47700               Options.compression_opts.strategy: 0
2021/08/28-08:06:56.568019 7f0d88f47700         Options.compression_opts.max_dict_bytes: 0
2021/08/28-08:06:56.568022 7f0d88f47700         Options.compression_opts.zstd_max_train_bytes: 0
2021/08/28-08:06:56.568025 7f0d88f47700         Options.compression_opts.parallel_threads: 1
2021/08/28-08:06:56.568028 7f0d88f47700                  Options.compression_opts.enabled: false
2021/08/28-08:06:56.568031 7f0d88f47700      Options.level0_file_num_compaction_trigger: 4
2021/08/28-08:06:56.568035 7f0d88f47700          Options.level0_slowdown_writes_trigger: 20
2021/08/28-08:06:56.568038 7f0d88f47700              Options.level0_stop_writes_trigger: 36
2021/08/28-08:06:56.568041 7f0d88f47700                   Options.target_file_size_base: 67108864
2021/08/28-08:06:56.568045 7f0d88f47700             Options.target_file_size_multiplier: 1
2021/08/28-08:06:56.568048 7f0d88f47700                Options.max_bytes_for_level_base: 268435456
2021/08/28-08:06:56.568051 7f0d88f47700 Options.level_compaction_dynamic_level_bytes: 0
2021/08/28-08:06:56.568054 7f0d88f47700          Options.max_bytes_for_level_multiplier: 10.000000
2021/08/28-08:06:56.568061 7f0d88f47700 Options.max_bytes_for_level_multiplier_addtl[0]: 1
2021/08/28-08:06:56.568065 7f0d88f47700 Options.max_bytes_for_level_multiplier_addtl[1]: 1
2021/08/28-08:06:56.568068 7f0d88f47700 Options.max_bytes_for_level_multiplier_addtl[2]: 1
2021/08/28-08:06:56.568071 7f0d88f47700 Options.max_bytes_for_level_multiplier_addtl[3]: 1
2021/08/28-08:06:56.568075 7f0d88f47700 Options.max_bytes_for_level_multiplier_addtl[4]: 1
2021/08/28-08:06:56.568078 7f0d88f47700 Options.max_bytes_for_level_multiplier_addtl[5]: 1
2021/08/28-08:06:56.568081 7f0d88f47700 Options.max_bytes_for_level_multiplier_addtl[6]: 1
2021/08/28-08:06:56.568084 7f0d88f47700       Options.max_sequential_skip_in_iterations: 8
2021/08/28-08:06:56.568087 7f0d88f47700                    Options.max_compaction_bytes: 1677721600
2021/08/28-08:06:56.568091 7f0d88f47700                        Options.arena_block_size: 8388608
2021/08/28-08:06:56.568094 7f0d88f47700   Options.soft_pending_compaction_bytes_limit: 68719476736
2021/08/28-08:06:56.568097 7f0d88f47700   Options.hard_pending_compaction_bytes_limit: 274877906944
2021/08/28-08:06:56.568101 7f0d88f47700       Options.rate_limit_delay_max_milliseconds: 100
2021/08/28-08:06:56.568104 7f0d88f47700                Options.disable_auto_compactions: 0
2021/08/28-08:06:56.568109 7f0d88f47700                        Options.compaction_style: kCompactionStyleLevel
2021/08/28-08:06:56.568114 7f0d88f47700                          Options.compaction_pri: kMinOverlappingRatio
2021/08/28-08:06:56.568117 7f0d88f47700 Options.compaction_options_universal.size_ratio: 1
2021/08/28-08:06:56.568120 7f0d88f47700 Options.compaction_options_universal.min_merge_width: 2
2021/08/28-08:06:56.568123 7f0d88f47700 Options.compaction_options_universal.max_merge_width: 4294967295
2021/08/28-08:06:56.568127 7f0d88f47700 Options.compaction_options_universal.max_size_amplification_percent: 200
2021/08/28-08:06:56.568130 7f0d88f47700 Options.compaction_options_universal.compression_size_percent: -1
2021/08/28-08:06:56.568135 7f0d88f47700 Options.compaction_options_universal.stop_style: kCompactionStopStyleTotalSize
2021/08/28-08:06:56.568138 7f0d88f47700 Options.compaction_options_fifo.max_table_files_size: 1073741824
2021/08/28-08:06:56.568141 7f0d88f47700 Options.compaction_options_fifo.allow_compaction: 0
2021/08/28-08:06:56.568171 7f0d88f47700                   Options.table_properties_collectors: 
2021/08/28-08:06:56.568176 7f0d88f47700                   Options.inplace_update_support: 0
2021/08/28-08:06:56.568180 7f0d88f47700                 Options.inplace_update_num_locks: 10000
2021/08/28-08:06:56.568183 7f0d88f47700               Options.memtable_prefix_bloom_size_ratio: 0.000000
2021/08/28-08:06:56.568188 7f0d88f47700               Options.memtable_whole_key_filtering: 0
2021/08/28-08:06:56.568191 7f0d88f47700   Options.memtable_huge_page_size: 0
2021/08/28-08:06:56.568194 7f0d88f47700                           Options.bloom_locality: 0
2021/08/28-08:06:56.568197 7f0d88f47700                    Options.max_successive_merges: 0
2021/08/28-08:06:56.568201 7f0d88f47700                Options.optimize_filters_for_hits: 0
2021/08/28-08:06:56.568204 7f0d88f47700                Options.paranoid_file_checks: 0
2021/08/28-08:06:56.568207 7f0d88f47700                Options.force_consistency_checks: 1
2021/08/28-08:06:56.568210 7f0d88f47700                Options.report_bg_io_stats: 0
2021/08/28-08:06:56.568213 7f0d88f47700                               Options.ttl: 2592000
2021/08/28-08:06:56.568216 7f0d88f47700          Options.periodic_compaction_seconds: 0
2021/08/28-08:06:56.568220 7f0d88f47700                    Options.enable_blob_files: false
2021/08/28-08:06:56.568223 7f0d88f47700                        Options.min_blob_size: 0
2021/08/28-08:06:56.568226 7f0d88f47700                       Options.blob_file_size: 268435456
2021/08/28-08:06:56.568229 7f0d88f47700                Options.blob_compression_type: NoCompression
2021/08/28-08:06:56.568233 7f0d88f47700       Options.enable_blob_garbage_collection: false
2021/08/28-08:06:56.568236 7f0d88f47700   Options.blob_garbage_collection_age_cutoff: 0.250000
2021/08/28-08:06:56.569619 7f0d88f47700 [db/version_set.cc:4805] Recovered from manifest file:./storage/collections/test_collection/segments/bc9749c9-0533-43f9-9348-763b9263b496/payload_storage/MANIFEST-000001 succeeded,manifest_file_number is 1, next_file_number is 3, last_sequence is 0, log_number is 0,prev_log_number is 0,max_column_family is 0,min_log_number_to_keep is 0
2021/08/28-08:06:56.569637 7f0d88f47700 [db/version_set.cc:4814] Column family [default] (ID 0), log number is 0
2021/08/28-08:06:56.569882 7f0d88f47700 [db/version_set.cc:4111] Creating manifest 3
2021/08/28-08:06:56.588705 7f0d88f47700 [db/column_family.cc:597] --------------- Options for column family [payload]:
2021/08/28-08:06:56.588727 7f0d88f47700               Options.comparator: leveldb.BytewiseComparator
2021/08/28-08:06:56.588732 7f0d88f47700           Options.merge_operator: None
2021/08/28-08:06:56.588736 7f0d88f47700        Options.compaction_filter: None
2021/08/28-08:06:56.588739 7f0d88f47700        Options.compaction_filter_factory: None
2021/08/28-08:06:56.588743 7f0d88f47700  Options.sst_partitioner_factory: None
2021/08/28-08:06:56.588746 7f0d88f47700         Options.memtable_factory: SkipListFactory
2021/08/28-08:06:56.588749 7f0d88f47700            Options.table_factory: BlockBasedTable
2021/08/28-08:06:56.588824 7f0d88f47700            table_factory options:   flush_block_policy_factory: FlushBlockBySizePolicyFactory (0x7f0d54252210)
  cache_index_and_filter_blocks: 0
  cache_index_and_filter_blocks_with_high_priority: 1
  pin_l0_filter_and_index_blocks_in_cache: 0
  pin_top_level_index_and_filter: 1
  index_type: 0
  data_block_index_type: 0
  index_shortening: 1
  data_block_hash_table_util_ratio: 0.750000
  hash_index_allow_collision: 1
  checksum: 1
  no_block_cache: 0
  block_cache: 0x7f0d54207d00
  block_cache_name: LRUCache
  block_cache_options:
    capacity : 8388608
    num_shard_bits : 4
    strict_capacity_limit : 0
    memory_allocator : None
    high_pri_pool_ratio: 0.000
  block_cache_compressed: (nil)
  persistent_cache: (nil)
  block_size: 4096
  block_size_deviation: 10
  block_restart_interval: 16
  index_block_restart_interval: 1
  metadata_block_size: 4096
  partition_filters: 0
  use_delta_encoding: 1
  filter_policy: nullptr
  whole_key_filtering: 1
  verify_compression: 0
  read_amp_bytes_per_bit: 0
  format_version: 4
  enable_index_compression: 1
  block_align: 0
2021/08/28-08:06:56.588829 7f0d88f47700        Options.write_buffer_size: 67108864
2021/08/28-08:06:56.588833 7f0d88f47700  Options.max_write_buffer_number: 2
2021/08/28-08:06:56.588836 7f0d88f47700          Options.compression: Snappy
2021/08/28-08:06:56.588840 7f0d88f47700                  Options.bottommost_compression: Disabled
2021/08/28-08:06:56.588843 7f0d88f47700       Options.prefix_extractor: nullptr
2021/08/28-08:06:56.588847 7f0d88f47700   Options.memtable_insert_with_hint_prefix_extractor: nullptr
2021/08/28-08:06:56.588850 7f0d88f47700             Options.num_levels: 7
2021/08/28-08:06:56.588853 7f0d88f47700        Options.min_write_buffer_number_to_merge: 1
2021/08/28-08:06:56.588856 7f0d88f47700     Options.max_write_buffer_number_to_maintain: 0
2021/08/28-08:06:56.588860 7f0d88f47700     Options.max_write_buffer_size_to_maintain: 0
2021/08/28-08:06:56.588863 7f0d88f47700            Options.bottommost_compression_opts.window_bits: -14
2021/08/28-08:06:56.588866 7f0d88f47700                  Options.bottommost_compression_opts.level: 32767
2021/08/28-08:06:56.588870 7f0d88f47700               Options.bottommost_compression_opts.strategy: 0
2021/08/28-08:06:56.588873 7f0d88f47700         Options.bottommost_compression_opts.max_dict_bytes: 0
2021/08/28-08:06:56.588876 7f0d88f47700         Options.bottommost_compression_opts.zstd_max_train_bytes: 0
2021/08/28-08:06:56.588879 7f0d88f47700         Options.bottommost_compression_opts.parallel_threads: 1
2021/08/28-08:06:56.588883 7f0d88f47700                  Options.bottommost_compression_opts.enabled: false
2021/08/28-08:06:56.588886 7f0d88f47700            Options.compression_opts.window_bits: -14
2021/08/28-08:06:56.588890 7f0d88f47700                  Options.compression_opts.level: 32767
2021/08/28-08:06:56.588893 7f0d88f47700               Options.compression_opts.strategy: 0
2021/08/28-08:06:56.588896 7f0d88f47700         Options.compression_opts.max_dict_bytes: 0
2021/08/28-08:06:56.588899 7f0d88f47700         Options.compression_opts.zstd_max_train_bytes: 0
2021/08/28-08:06:56.588903 7f0d88f47700         Options.compression_opts.parallel_threads: 1
2021/08/28-08:06:56.588906 7f0d88f47700                  Options.compression_opts.enabled: false
2021/08/28-08:06:56.588962 7f0d88f47700      Options.level0_file_num_compaction_trigger: 4
2021/08/28-08:06:56.588968 7f0d88f47700          Options.level0_slowdown_writes_trigger: 20
2021/08/28-08:06:56.588971 7f0d88f47700              Options.level0_stop_writes_trigger: 36
2021/08/28-08:06:56.588975 7f0d88f47700                   Options.target_file_size_base: 67108864
2021/08/28-08:06:56.588978 7f0d88f47700             Options.target_file_size_multiplier: 1
2021/08/28-08:06:56.588981 7f0d88f47700                Options.max_bytes_for_level_base: 268435456
2021/08/28-08:06:56.588985 7f0d88f47700 Options.level_compaction_dynamic_level_bytes: 0
2021/08/28-08:06:56.588988 7f0d88f47700          Options.max_bytes_for_level_multiplier: 10.000000
2021/08/28-08:06:56.588995 7f0d88f47700 Options.max_bytes_for_level_multiplier_addtl[0]: 1
2021/08/28-08:06:56.588999 7f0d88f47700 Options.max_bytes_for_level_multiplier_addtl[1]: 1
2021/08/28-08:06:56.589002 7f0d88f47700 Options.max_bytes_for_level_multiplier_addtl[2]: 1
2021/08/28-08:06:56.589005 7f0d88f47700 Options.max_bytes_for_level_multiplier_addtl[3]: 1
2021/08/28-08:06:56.589009 7f0d88f47700 Options.max_bytes_for_level_multiplier_addtl[4]: 1
2021/08/28-08:06:56.589012 7f0d88f47700 Options.max_bytes_for_level_multiplier_addtl[5]: 1
2021/08/28-08:06:56.589015 7f0d88f47700 Options.max_bytes_for_level_multiplier_addtl[6]: 1
2021/08/28-08:06:56.589018 7f0d88f47700       Options.max_sequential_skip_in_iterations: 8
2021/08/28-08:06:56.589021 7f0d88f47700                    Options.max_compaction_bytes: 1677721600
2021/08/28-08:06:56.589025 7f0d88f47700                        Options.arena_block_size: 8388608
2021/08/28-08:06:56.589028 7f0d88f47700   Options.soft_pending_compaction_bytes_limit: 68719476736
2021/08/28-08:06:56.589031 7f0d88f47700   Options.hard_pending_compaction_bytes_limit: 274877906944
2021/08/28-08:06:56.589035 7f0d88f47700       Options.rate_limit_delay_max_milliseconds: 100
2021/08/28-08:06:56.589038 7f0d88f47700                Options.disable_auto_compactions: 0
2021/08/28-08:06:56.589043 7f0d88f47700                        Options.compaction_style: kCompactionStyleLevel
2021/08/28-08:06:56.589048 7f0d88f47700                          Options.compaction_pri: kMinOverlappingRatio
2021/08/28-08:06:56.589051 7f0d88f47700 Options.compaction_options_universal.size_ratio: 1
2021/08/28-08:06:56.589054 7f0d88f47700 Options.compaction_options_universal.min_merge_width: 2
2021/08/28-08:06:56.589057 7f0d88f47700 Options.compaction_options_universal.max_merge_width: 4294967295
2021/08/28-08:06:56.589061 7f0d88f47700 Options.compaction_options_universal.max_size_amplification_percent: 200
2021/08/28-08:06:56.589064 7f0d88f47700 Options.compaction_options_universal.compression_size_percent: -1
2021/08/28-08:06:56.589069 7f0d88f47700 Options.compaction_options_universal.stop_style: kCompactionStopStyleTotalSize
2021/08/28-08:06:56.589072 7f0d88f47700 Options.compaction_options_fifo.max_table_files_size: 1073741824
2021/08/28-08:06:56.589075 7f0d88f47700 Options.compaction_options_fifo.allow_compaction: 0
2021/08/28-08:06:56.589090 7f0d88f47700                   Options.table_properties_collectors: 
2021/08/28-08:06:56.589094 7f0d88f47700                   Options.inplace_update_support: 0
2021/08/28-08:06:56.589097 7f0d88f47700                 Options.inplace_update_num_locks: 10000
2021/08/28-08:06:56.589100 7f0d88f47700               Options.memtable_prefix_bloom_size_ratio: 0.000000
2021/08/28-08:06:56.589105 7f0d88f47700               Options.memtable_whole_key_filtering: 0
2021/08/28-08:06:56.589108 7f0d88f47700   Options.memtable_huge_page_size: 0
2021/08/28-08:06:56.589111 7f0d88f47700                           Options.bloom_locality: 0
2021/08/28-08:06:56.589115 7f0d88f47700                    Options.max_successive_merges: 0
2021/08/28-08:06:56.589118 7f0d88f47700                Options.optimize_filters_for_hits: 0
2021/08/28-08:06:56.589121 7f0d88f47700                Options.paranoid_file_checks: 0
2021/08/28-08:06:56.589124 7f0d88f47700                Options.force_consistency_checks: 1
2021/08/28-08:06:56.589144 7f0d88f47700                Options.report_bg_io_stats: 0
2021/08/28-08:06:56.589148 7f0d88f47700                               Options.ttl: 2592000
2021/08/28-08:06:56.589151 7f0d88f47700          Options.periodic_compaction_seconds: 0
2021/08/28-08:06:56.589155 7f0d88f47700                    Options.enable_blob_files: false
2021/08/28-08:06:56.589158 7f0d88f47700                        Options.min_blob_size: 0
2021/08/28-08:06:56.589161 7f0d88f47700                       Options.blob_file_size: 268435456
2021/08/28-08:06:56.589165 7f0d88f47700                Options.blob_compression_type: NoCompression
2021/08/28-08:06:56.589168 7f0d88f47700       Options.enable_blob_garbage_collection: false
2021/08/28-08:06:56.589172 7f0d88f47700   Options.blob_garbage_collection_age_cutoff: 0.250000
2021/08/28-08:06:56.589270 7f0d88f47700 [db/db_impl/db_impl.cc:2658] Created column family [payload] (ID 1)
2021/08/28-08:06:56.611169 7f0d88f47700 [db/db_impl/db_impl_open.cc:1707] SstFileManager instance 0x7f0d54250cf0
2021/08/28-08:06:56.611245 7f0d88f47700 DB pointer 0x7f0d5427a610
2021/08/28-08:07:20.611961 7f0d1effd700 [db/db_impl/db_impl.cc:927] ------- DUMPING STATS -------
2021/08/28-08:07:20.612206 7f0d1effd700 [db/db_impl/db_impl.cc:928] 
** DB Stats **
Uptime(secs): 24.0 total, 24.0 interval
Cumulative writes: 0 writes, 0 keys, 0 commit groups, 0.0 writes per commit group, ingest: 0.00 GB, 0.00 MB/s
Cumulative WAL: 0 writes, 0 syncs, 0.00 writes per sync, written: 0.00 GB, 0.00 MB/s
Cumulative stall: 00:00:0.000 H:M:S, 0.0 percent
Interval writes: 0 writes, 0 keys, 0 commit groups, 0.0 writes per commit group, ingest: 0.00 MB, 0.00 MB/s
Interval WAL: 0 writes, 0 syncs, 0.00 writes per sync, written: 0.00 MB, 0.00 MB/s
Interval stall: 00:00:0.000 H:M:S, 0.0 percent

** Compaction Stats [default] **
Level    Files   Size     Score Read(GB)  Rn(GB) Rnp1(GB) Write(GB) Wnew(GB) Moved(GB) W-Amp Rd(MB/s) Wr(MB/s) Comp(sec) CompMergeCPU(sec) Comp(cnt) Avg(sec) KeyIn KeyDrop
----------------------------------------------------------------------------------------------------------------------------------------------------------------------------
 Sum      0/0    0.00 KB   0.0      0.0     0.0      0.0       0.0      0.0       0.0   0.0      0.0      0.0      0.00              0.00         0    0.000       0      0
 Int      0/0    0.00 KB   0.0      0.0     0.0      0.0       0.0      0.0       0.0   0.0      0.0      0.0      0.00              0.00         0    0.000       0      0

** Compaction Stats [default] **
Priority    Files   Size     Score Read(GB)  Rn(GB) Rnp1(GB) Write(GB) Wnew(GB) Moved(GB) W-Amp Rd(MB/s) Wr(MB/s) Comp(sec) CompMergeCPU(sec) Comp(cnt) Avg(sec) KeyIn KeyDrop
-------------------------------------------------------------------------------------------------------------------------------------------------------------------------------
Uptime(secs): 24.0 total, 24.0 interval
Flush(GB): cumulative 0.000, interval 0.000
AddFile(GB): cumulative 0.000, interval 0.000
AddFile(Total Files): cumulative 0, interval 0
AddFile(L0 Files): cumulative 0, interval 0
AddFile(Keys): cumulative 0, interval 0
Cumulative compaction: 0.00 GB write, 0.00 MB/s write, 0.00 GB read, 0.00 MB/s read, 0.0 seconds
Interval compaction: 0.00 GB write, 0.00 MB/s write, 0.00 GB read, 0.00 MB/s read, 0.0 seconds
Stalls(count): 0 level0_slowdown, 0 level0_slowdown_with_compaction, 0 level0_numfiles, 0 level0_numfiles_with_compaction, 0 stop for pending_compaction_bytes, 0 slowdown for pending_compaction_bytes, 0 memtable_compaction, 0 memtable_slowdown, interval 0 total count

** File Read Latency Histogram By Level [default] **

** Compaction Stats [payload] **
Level    Files   Size     Score Read(GB)  Rn(GB) Rnp1(GB) Write(GB) Wnew(GB) Moved(GB) W-Amp Rd(MB/s) Wr(MB/s) Comp(sec) CompMergeCPU(sec) Comp(cnt) Avg(sec) KeyIn KeyDrop
----------------------------------------------------------------------------------------------------------------------------------------------------------------------------
 Sum      0/0    0.00 KB   0.0      0.0     0.0      0.0       0.0      0.0       0.0   0.0      0.0      0.0      0.00              0.00         0    0.000       0      0
 Int      0/0    0.00 KB   0.0      0.0     0.0      0.0       0.0      0.0       0.0   0.0      0.0      0.0      0.00              0.00         0    0.000       0      0

** Compaction Stats [payload] **
Priority    Files   Size     Score Read(GB)  Rn(GB) Rnp1(GB) Write(GB) Wnew(GB) Moved(GB) W-Amp Rd(MB/s) Wr(MB/s) Comp(sec) CompMergeCPU(sec) Comp(cnt) Avg(sec) KeyIn KeyDrop
-------------------------------------------------------------------------------------------------------------------------------------------------------------------------------
Uptime(secs): 24.0 total, 24.0 interval
Flush(GB): cumulative 0.000, interval 0.000
AddFile(GB): cumulative 0.000, interval 0.000
AddFile(Total Files): cumulative 0, interval 0
AddFile(L0 Files): cumulative 0, interval 0
AddFile(Keys): cumulative 0, interval 0
Cumulative compaction: 0.00 GB write, 0.00 MB/s write, 0.00 GB read, 0.00 MB/s read, 0.0 seconds
Interval compaction: 0.00 GB write, 0.00 MB/s write, 0.00 GB read, 0.00 MB/s read, 0.0 seconds
Stalls(count): 0 level0_slowdown, 0 level0_slowdown_with_compaction, 0 level0_numfiles, 0 level0_numfiles_with_compaction, 0 stop for pending_compaction_bytes, 0 slowdown for pending_compaction_bytes, 0 memtable_compaction, 0 memtable_slowdown, interval 0 total count

** File Read Latency Histogram By Level [payload] **

** Compaction Stats [default] **
Level    Files   Size     Score Read(GB)  Rn(GB) Rnp1(GB) Write(GB) Wnew(GB) Moved(GB) W-Amp Rd(MB/s) Wr(MB/s) Comp(sec) CompMergeCPU(sec) Comp(cnt) Avg(sec) KeyIn KeyDrop
----------------------------------------------------------------------------------------------------------------------------------------------------------------------------
 Sum      0/0    0.00 KB   0.0      0.0     0.0      0.0       0.0      0.0       0.0   0.0      0.0      0.0      0.00              0.00         0    0.000       0      0
 Int      0/0    0.00 KB   0.0      0.0     0.0      0.0       0.0      0.0       0.0   0.0      0.0      0.0      0.00              0.00         0    0.000       0      0

** Compaction Stats [default] **
Priority    Files   Size     Score Read(GB)  Rn(GB) Rnp1(GB) Write(GB) Wnew(GB) Moved(GB) W-Amp Rd(MB/s) Wr(MB/s) Comp(sec) CompMergeCPU(sec) Comp(cnt) Avg(sec) KeyIn KeyDrop
-------------------------------------------------------------------------------------------------------------------------------------------------------------------------------
Uptime(secs): 24.0 total, 0.0 interval
Flush(GB): cumulative 0.000, interval 0.000
AddFile(GB): cumulative 0.000, interval 0.000
AddFile(Total Files): cumulative 0, interval 0
AddFile(L0 Files): cumulative 0, interval 0
AddFile(Keys): cumulative 0, interval 0
Cumulative compaction: 0.00 GB write, 0.00 MB/s write, 0.00 GB read, 0.00 MB/s read, 0.0 seconds
Interval compaction: 0.00 GB write, 0.00 MB/s write, 0.00 GB read, 0.00 MB/s read, 0.0 seconds
Stalls(count): 0 level0_slowdown, 0 level0_slowdown_with_compaction, 0 level0_numfiles, 0 level0_numfiles_with_compaction, 0 stop for pending_compaction_bytes, 0 slowdown for pending_compaction_bytes, 0 memtable_compaction, 0 memtable_slowdown, interval 0 total count

** File Read Latency Histogram By Level [default] **

** Compaction Stats [payload] **
Level    Files   Size     Score Read(GB)  Rn(GB) Rnp1(GB) Write(GB) Wnew(GB) Moved(GB) W-Amp Rd(MB/s) Wr(MB/s) Comp(sec) CompMergeCPU(sec) Comp(cnt) Avg(sec) KeyIn KeyDrop
----------------------------------------------------------------------------------------------------------------------------------------------------------------------------
 Sum      0/0    0.00 KB   0.0      0.0     0.0      0.0       0.0      0.0       0.0   0.0      0.0      0.0      0.00              0.00         0    0.000       0      0
 Int      0/0    0.00 KB   0.0      0.0     0.0      0.0       0.0      0.0       0.0   0.0      0.0      0.0      0.00              0.00         0    0.000       0      0

** Compaction Stats [payload] **
Priority    Files   Size     Score Read(GB)  Rn(GB) Rnp1(GB) Write(GB) Wnew(GB) Moved(GB) W-Amp Rd(MB/s) Wr(MB/s) Comp(sec) CompMergeCPU(sec) Comp(cnt) Avg(sec) KeyIn KeyDrop
-------------------------------------------------------------------------------------------------------------------------------------------------------------------------------
Uptime(secs): 24.0 total, 0.0 interval
Flush(GB): cumulative 0.000, interval 0.000
AddFile(GB): cumulative 0.000, interval 0.000
AddFile(Total Files): cumulative 0, interval 0
AddFile(L0 Files): cumulative 0, interval 0
AddFile(Keys): cumulative 0, interval 0
Cumulative compaction: 0.00 GB write, 0.00 MB/s write, 0.00 GB read, 0.00 MB/s read, 0.0 seconds
Interval compaction: 0.00 GB write, 0.00 MB/s write, 0.00 GB read, 0.00 MB/s read, 0.0 seconds
Stalls(count): 0 level0_slowdown, 0 level0_slowdown_with_compaction, 0 level0_numfiles, 0 level0_numfiles_with_compaction, 0 stop for pending_compaction_bytes, 0 slowdown for pending_compaction_bytes, 0 memtable_compaction, 0 memtable_slowdown, interval 0 total count

** File Read Latency Histogram By Level [payload] **
